1.200000000000000000e+02
3.592565154844675135e+01
2.916943633863363639e-01
4.500000000000000000e+01
-8.200000000000000000e+01
-5.938700000000000045e+01
-4.281065510025025134e+01
-1.028554687197170026e+01
-1.000000000000000056e-01
1.000000000000000000e+00
0.000000000000000000e+00
-7.201249988077617559e+01
1.965824692167090859e+01
0.000000000000000000e+00
0.000000000000000000e+00
7.000000000000000666e-02
-6.056694149136419725e+01
-9.970964551433073808e+00
-1.000000000000000021e-02
1.000000000000000000e+00
0.000000000000000000e+00
-7.192059239951417737e+01
1.885308342992379593e+01
0.000000000000000000e+00
0.000000000000000000e+00
4.000000000000000000e+00
-3.925655024881646682e+01
-1.036464546698054257e+01
0.000000000000000000e+00
-1.000000000000000000e+00
1.000000000000000000e+00
-6.735627243746303350e+01
7.863180587109916075e+01
0.000000000000000000e+00
0.000000000000000000e+00
1.250000000000000000e-01
