1.200000000000000000e+02
3.607182616559850885e+01
2.997994183473300378e-01
4.500000000000000000e+01
-8.200000000000000000e+01
-5.938700000000000045e+01
-4.585241259524394764e+01
-1.046464804386270764e+01
-1.000000000000000056e-01
1.000000000000000000e+00
0.000000000000000000e+00
-7.181362677331254929e+01
1.917390233540076494e+01
0.000000000000000000e+00
0.000000000000000000e+00
7.000000000000000666e-02
-6.278645137815766475e+01
-1.035766162518963007e+01
-1.000000000000000021e-02
1.000000000000000000e+00
0.000000000000000000e+00
-7.049135721724915982e+01
1.818487077506918226e+01
0.000000000000000000e+00
0.000000000000000000e+00
4.000000000000000000e+00
-3.982747485598765991e+01
-9.960156299279571357e+00
0.000000000000000000e+00
-1.000000000000000000e+00
1.000000000000000000e+00
-6.897118607104275156e+01
7.714485759229410178e+01
0.000000000000000000e+00
0.000000000000000000e+00
1.250000000000000000e-01
1.200000000000000000e+02
3.427948495757917158e+01
2.871963302279664787e-01
4.500000000000000000e+01
-8.200000000000000000e+01
-5.938700000000000045e+01
-4.610067404458934703e+01
-9.806812305350806724e+00
-1.000000000000000056e-01
1.000000000000000000e+00
0.000000000000000000e+00
-6.842092185973129403e+01
1.949853529394103546e+01
0.000000000000000000e+00
0.000000000000000000e+00
7.000000000000000666e-02
-6.123874927627858256e+01
-1.023692954210937422e+01
-1.000000000000000021e-02
1.000000000000000000e+00
0.000000000000000000e+00
-6.713777786487108301e+01
1.833074989576675762e+01
0.000000000000000000e+00
0.000000000000000000e+00
4.000000000000000000e+00
-3.975207737498473648e+01
-9.969335067707957521e+00
0.000000000000000000e+00
-1.000000000000000000e+00
1.000000000000000000e+00
-6.938571507521811554e+01
7.768254860764682235e+01
0.000000000000000000e+00
0.000000000000000000e+00
1.250000000000000000e-01
1.200000000000000000e+02
3.652990184314904099e+01
2.928455800358988892e-01
4.500000000000000000e+01
-8.200000000000000000e+01
-5.938700000000000045e+01
-4.469045109265272231e+01
-1.003154693301608447e+01
-1.000000000000000056e-01
1.000000000000000000e+00
0.000000000000000000e+00
-6.913298069747908414e+01
1.923464118789764044e+01
0.000000000000000000e+00
0.000000000000000000e+00
7.000000000000000666e-02
-6.074443528350300170e+01
-1.034584395210496233e+01
-1.000000000000000021e-02
1.000000000000000000e+00
0.000000000000000000e+00
-7.323454988210126260e+01
1.859309094365064041e+01
0.000000000000000000e+00
0.000000000000000000e+00
4.000000000000000000e+00
-4.184958444984552983e+01
-9.935761828681757279e+00
0.000000000000000000e+00
-1.000000000000000000e+00
1.000000000000000000e+00
-7.042653259762786888e+01
8.049047938805041724e+01
0.000000000000000000e+00
0.000000000000000000e+00
1.250000000000000000e-01
1.200000000000000000e+02
3.460304073964336169e+01
3.097029579567970314e-01
4.500000000000000000e+01
-8.200000000000000000e+01
-5.938700000000000045e+01
-4.553125482204248442e+01
-9.694661869756998840e+00
-1.000000000000000056e-01
1.000000000000000000e+00
0.000000000000000000e+00
-6.817318483617040670e+01
2.025354439554597974e+01
0.000000000000000000e+00
0.000000000000000000e+00
7.000000000000000666e-02
-5.720805556643410483e+01
-9.651855441776071132e+00
-1.000000000000000021e-02
1.000000000000000000e+00
0.000000000000000000e+00
-6.783909974306541812e+01
1.749778091009267200e+01
0.000000000000000000e+00
0.000000000000000000e+00
4.000000000000000000e+00
-3.804043342849903553e+01
-1.035852690957303679e+01
0.000000000000000000e+00
-1.000000000000000000e+00
1.000000000000000000e+00
-7.281863967350815869e+01
8.292476177662231862e+01
0.000000000000000000e+00
0.000000000000000000e+00
1.250000000000000000e-01
