3.968054763438964017e-01 4.243565235812180036e-01 1.141761481237916431e+00
4.001979984589554284e-01 4.033547616180981343e-01 1.070559626718903257e+00
4.021215294959322728e-01 3.675185137763003485e-01 1.015204391425198027e+00
4.057024133850033465e-01 3.801676918183016229e-01 9.671165121499516459e-01
3.702306743728095428e-01 3.057684206348706413e-01 9.747682264393724427e-01
3.188013171227783160e-01 2.453748253591482575e-01 9.539750078076082440e-01
2.866187304116224466e-01 1.769980534606649114e-01 1.007145099751250550e+00
2.235730074559412195e-01 1.240458946035426224e-01 1.105924837887464651e+00
1.672612768877003442e-01 1.197003087405643235e-01 1.247228346784117647e+00
1.653375713836645333e-01 2.215890108563922656e-01 1.369170856368319145e+00
2.165739525934828325e-01 3.331430771610905950e-01 1.368795637334378590e+00
2.865401430554929685e-01 4.149376738499810924e-01 1.349757319563934299e+00
3.428955441653059322e-01 4.386337404661354578e-01 1.255884848444256408e+00
3.901393986507968314e-01 4.701822461837014688e-01 1.194401461719717839e+00
4.114633274262284313e-01 4.572093835326255240e-01 1.071306670775917125e+00
4.278346189247230202e-01 4.429150923968210307e-01 1.028097674374882864e+00
4.229717708817723465e-01 3.997430802330207977e-01 9.560258295622340308e-01
4.052321913277280307e-01 3.737956075913692056e-01 9.309474903040747540e-01
3.837844918639394809e-01 3.051759185616987891e-01 9.020779351847121319e-01
3.349040385156007993e-01 2.512676501992537337e-01 9.113609824870383402e-01
2.785288422517765428e-01 1.643662157279933145e-01 9.768658979457665037e-01
2.138592417348950947e-01 8.386569466976875886e-02 1.084714698199038319e+00
1.720863597646983822e-01 1.099174977318094493e-01 1.264116317030453462e+00
1.658208106923479974e-01 2.124065695914197360e-01 1.392383855385586511e+00
1.975331983079829656e-01 3.362313388677439785e-01 1.393677414389815628e+00
2.921702801526849802e-01 4.629765970616507853e-01 1.326282413587466680e+00
3.541895425025326505e-01 4.989942726493191150e-01 1.241384187221837632e+00
4.169035124783914137e-01 4.815495532322051631e-01 1.144265171738958253e+00
4.451148048246182931e-01 4.633324648149615976e-01 1.073224838432168537e+00
4.529389020696654167e-01 4.523897151763771052e-01 9.979253617933124820e-01
4.483007853596105430e-01 4.381978179102991033e-01 9.563343684435909875e-01
4.478130272768908182e-01 4.251234431884007847e-01 9.148468684661427153e-01
4.175619208594248954e-01 3.719984044891236907e-01 8.840398048366964190e-01
3.960800459798518025e-01 3.167205304925769238e-01 8.501775159072624266e-01
3.467844162814147646e-01 2.107773701103248243e-01 8.531174947827502297e-01
2.913428748438760540e-01 1.329643012893326204e-01 9.163588501381010332e-01
2.059381029867276836e-01 7.310005514101058921e-02 1.054522098939339347e+00
1.296167055227163412e-01 5.729740136459273575e-02 1.298384806017129023e+00
1.435258981548810375e-01 2.019787363886153264e-01 1.441367870529488115e+00
1.979538718920602902e-01 3.839145108696618292e-01 1.433628819475649907e+00
3.115585589188923366e-01 5.135511038156025387e-01 1.356996127028514021e+00
3.766648046991029064e-01 5.405642011136444491e-01 1.240722344222937146e+00
4.155881895523393377e-01 5.042477867515386958e-01 1.141722543207778218e+00
4.668696979616165921e-01 5.105184500972307360e-01 1.063269998524552173e+00
4.955705318089756450e-01 5.148729417404264153e-01 1.013715116305436537e+00
4.975108104901192485e-01 5.133502369197495696e-01 9.585162894462359029e-01
4.952353596069412056e-01 4.986800801676475325e-01 8.866992115319579648e-01
5.132130852596196169e-01 5.158359394907588991e-01 8.569915694000218576e-01
5.223841992544236978e-01 5.302064709485498906e-01 7.794563884980683088e-01
5.210689598358728691e-01 5.257245315801636343e-01 7.552175884258849337e-01
4.974495000741842032e-01 5.399958011438648064e-01 7.098728551854536217e-01
5.241430165097206162e-01 5.460119709239951158e-01 7.093588928614228406e-01
5.626952823136448512e-01 5.651751497381034550e-01 6.691164594754669404e-01
5.690681387539051617e-01 6.555774563211798078e-01 6.797582068834657765e-01
6.349125518031091264e-01 7.460056416236863219e-01 6.768140369082941143e-01
6.972522270478080930e-01 8.995852343223236236e-01 7.637072714759701730e-01
8.117522794694022048e-01 1.069851908890828485e+00 9.582597471463394356e-01
8.975676321411955039e-01 1.052430721481816045e+00 1.294575825188412965e+00
9.385716938635351170e-01 8.411696143870882603e-01 1.571052560217151894e+00
8.298922943586516388e-01 5.080125224713618604e-01 1.545639551582899562e+00
6.717470418011179945e-01 3.741727833861334673e-01 1.405879642228952342e+00
5.430466854113900066e-01 3.547630818361592886e-01 1.248737130268914530e+00
4.683785253067952459e-01 3.592401200939740469e-01 1.189802717381098107e+00
4.344621290617854403e-01 3.713555265703891717e-01 1.089148645410979110e+00
3.942009174059769583e-01 3.394266575518935514e-01 1.058116509907990999e+00
3.749844228249143430e-01 3.122678737084504941e-01 1.005695460302584276e+00
3.741697108686793394e-01 2.699869466295896081e-01 1.002739101999428728e+00
3.163984883995888397e-01 2.207421645363628893e-01 1.030071819229222641e+00
2.788622385124809311e-01 1.601930870532470297e-01 1.072597149419321827e+00
2.227221755162253347e-01 1.452855282206123311e-01 1.164423632640585016e+00
2.023088003523733358e-01 1.842065897849930189e-01 1.270988271878460862e+00
1.927170266253923070e-01 2.809771621738122449e-01 1.345522791558085851e+00
2.614842290666790636e-01 3.643564963800781653e-01 1.332074107066622659e+00
2.962138906217872125e-01 4.184454784927010285e-01 1.266935692586620865e+00
3.597506151404686880e-01 4.141781832064956315e-01 1.206767084619024599e+00
3.782527397604363295e-01 4.105410554892713337e-01 1.124729429896795141e+00
4.039075060410352025e-01 4.183167629951357602e-01 1.060003817814004545e+00
3.820288330283744815e-01 3.665869366641962834e-01 1.025158501785710552e+00
3.770147346278848732e-01 3.335996964240410256e-01 9.827201215985403859e-01
3.436051836607124654e-01 2.916250148115852037e-01 9.758998598777273159e-01
2.935974797812374026e-01 2.483232127223794772e-01 9.865804793160346531e-01
2.663247946775615382e-01 1.883401988382770731e-01 1.038511229710233907e+00
2.223610314482376005e-01 1.127183683603136394e-01 1.141641062820853536e+00
1.840727853792682167e-01 1.382602073490915018e-01 1.248628976875317820e+00
2.002366736939313052e-01 2.359814320438346491e-01 1.363940793688815045e+00
2.141913969983739174e-01 3.281420836515455131e-01 1.351796622626606048e+00
2.708618918396629160e-01 4.314511605308032349e-01 1.312324385055819054e+00
3.633210348132092093e-01 4.326741799155918722e-01 1.217161932698044291e+00
3.843108611907162242e-01 4.559090805847855199e-01 1.138946911937058104e+00
4.251433782035509701e-01 4.344994336144877844e-01 1.084308048384780010e+00
4.240613686982112052e-01 4.145094011922202393e-01 1.007464501689333769e+00
4.091006662669885441e-01 3.642287095819819465e-01 9.485552979539300100e-01
3.718394117226342388e-01 3.190652286887544209e-01 9.537851501277072597e-01
3.354816728000621917e-01 2.702417557964381101e-01 9.444367673661563378e-01
2.961735166012405829e-01 1.803750025578572669e-01 9.732855567112064232e-01
2.476060106496376090e-01 1.124046120193627346e-01 1.069468449657299258e+00
1.829073454543282684e-01 1.059240642561920936e-01 1.205311688029477191e+00
1.731773727179568012e-01 1.675680231718070790e-01 1.326310409251727718e+00
1.998334934456486578e-01 2.768775795129146955e-01 1.392610869119486505e+00
2.616520837203560879e-01 3.979609136589010165e-01 1.348395221444566028e+00
3.224773679116090253e-01 4.541638591031461059e-01 1.254039354813464957e+00
3.810880990878022234e-01 4.840709006210007770e-01 1.196172755678482247e+00
4.094174950330427554e-01 4.465596597483877384e-01 1.109352381009888644e+00
4.251964162375257428e-01 4.341199255740246232e-01 1.023242743031633761e+00
4.152908178140739537e-01 4.122308828528338798e-01 9.927234820432090379e-01
4.014932637807661631e-01 3.684746391959539680e-01 9.405378792445973080e-01
3.841621376522765807e-01 3.319021766837805254e-01 9.237822818464012098e-01
3.367101732498605227e-01 2.699921923401116808e-01 9.174976569103401314e-01
3.055431695709095452e-01 2.072541003316520913e-01 9.314609396857438384e-01
2.542338463418723493e-01 8.413518030991715135e-02 1.025994707583616883e+00
1.825357593118839272e-01 9.209902041308400122e-02 1.204894229988474619e+00
1.440731516322871497e-01 1.396788688831488712e-01 1.331994064308020365e+00
1.837550260138192115e-01 2.966503858089850065e-01 1.410157000662706883e+00
2.743453544108809261e-01 4.094503315818036060e-01 1.396696236132910052e+00
3.312229613537818196e-01 4.851497304550179135e-01 1.275433667843497876e+00
4.179231407210437510e-01 5.054613118802755434e-01 1.193107520661508048e+00
4.279380349019019647e-01 4.644990501261219151e-01 1.111741336033537753e+00
4.385116106209755449e-01 4.613980211395948272e-01 1.046210809795523389e+00
4.416054504544665305e-01 4.636996740687810425e-01 9.854897354538735277e-01
4.473478270888785469e-01 4.196435084068221855e-01 9.243934389852409561e-01
4.461766267918426121e-01 3.948449128115707474e-01 8.703940289105365213e-01
3.989262833311587042e-01 3.543684533535805259e-01 8.374257073623251335e-01
3.798923848970384709e-01 2.607054455349505639e-01 8.413052849146666068e-01
3.145737189914929455e-01 1.871624462751916018e-01 8.754001171407519433e-01
2.406319987170639774e-01 8.640068010535957577e-02 1.013331883382957210e+00
1.745640004390799638e-01 3.728010302114075081e-02 1.207575039989170262e+00
1.267402083761567655e-01 1.554935768439237032e-01 1.382807510099773873e+00
1.729040743314627926e-01 3.362508266593136619e-01 1.477879927522921299e+00
2.616386112698113608e-01 4.633314302652037919e-01 1.426870107054463821e+00
3.546542617949187681e-01 5.444312668886941431e-01 1.287215855173965195e+00
4.086021218152887657e-01 5.424449780067781557e-01 1.190149806210741179e+00
4.612201099219537248e-01 5.083160808533467856e-01 1.096620151361996420e+00
4.767883899263492542e-01 5.132537096748280847e-01 1.041878842682137485e+00
4.931061572669139248e-01 5.259770313465719216e-01 9.497817392367899902e-01
4.921146735354005597e-01 5.057348243552877154e-01 9.105908222807326258e-01
4.951319866100488132e-01 5.048616447582150446e-01 8.337766715465020351e-01
5.001533012408543311e-01 5.370487119067833826e-01 8.087994739378077114e-01
5.312264251990354014e-01 5.268465410140515948e-01 7.487812424831471469e-01
5.189911195469150140e-01 5.426646806945221169e-01 7.364985247552594538e-01
5.377595014424529918e-01 5.820779003647583716e-01 7.051334306267834640e-01
5.525449600285494700e-01 6.129842877626477948e-01 6.826237803045047681e-01
5.884374175355844283e-01 7.015194991120639045e-01 6.883615700441152452e-01
6.416774867861286813e-01 7.717997827001793487e-01 7.181289577980735084e-01
7.355711382801368714e-01 9.256909282893863722e-01 8.239041218898126573e-01
8.148945301246850459e-01 1.034649310810761502e+00 1.013748358238716563e+00
9.024456974942387522e-01 1.035349275600738972e+00 1.355082842006859689e+00
9.232442348855318670e-01 7.696355458577702757e-01 1.589894414246825427e+00
7.814148247687313642e-01 4.693853079571782549e-01 1.522130715496511133e+00
6.307753416106789413e-01 3.882031168734940141e-01 1.374473542028601392e+00
5.386023113135172125e-01 3.864258225664187751e-01 1.237233449343910774e+00
4.695007151483932550e-01 3.979674578774091698e-01 1.144696910519409583e+00
4.108781017752972664e-01 3.879184803346724664e-01 1.082444632029921472e+00
3.864622326324288482e-01 3.601559109912241263e-01 1.036295242538033179e+00
3.656595513216250870e-01 3.262236369796717161e-01 9.917299780680179921e-01
3.436275759728978363e-01 2.772905981480384696e-01 9.873472828978133720e-01
2.982337952803036374e-01 2.144554212984057240e-01 1.022527143954196971e+00
2.578472129605072771e-01 1.628886221309934490e-01 1.074093219279161460e+00
2.054461546565380381e-01 1.532055744143913378e-01 1.184889112047578852e+00
1.920516442741049823e-01 1.741503191967900543e-01 1.283214263206619687e+00
1.971516251277151410e-01 2.587472719930971610e-01 1.354984320709992307e+00
2.489417265331169138e-01 3.511979630326019786e-01 1.359929590942674071e+00
2.936748998716554038e-01 4.288813696212664395e-01 1.289280944235852822e+00
3.817528883366254067e-01 4.023959150963009601e-01 1.214674632485212014e+00
3.699632189526971260e-01 4.350062816898156437e-01 1.146559916895279141e+00
4.130666172806385927e-01 4.299858424068710439e-01 1.074691611572649919e+00
3.972966205711803700e-01 3.902335989678070716e-01 1.021550220689134703e+00
3.857762221177771234e-01 3.541092204292719536e-01 9.808934202646557576e-01
3.501675694396110261e-01 2.798889863423881796e-01 9.623556184239692168e-01
3.249799732597474233e-01 2.640400873273900384e-01 9.763919149831343791e-01
2.799688161083128124e-01 1.755342381132130036e-01 9.942071444278969272e-01
2.244286221342622345e-01 1.117548042822684301e-01 1.121492952055116898e+00
1.849005416153076953e-01 1.225571740116159491e-01 1.262303376459854132e+00
1.817013248946598158e-01 2.272655796606812828e-01 1.336767683673664608e+00
2.195581675123442211e-01 3.604391374287482241e-01 1.380531366629559553e+00
2.826517121397122412e-01 4.467997455947982921e-01 1.313399057737254738e+00
3.415085076512330842e-01 4.617761154959990622e-01 1.240942372886771894e+00
4.051213294567766465e-01 4.652690490773642162e-01 1.148541237322193265e+00
4.045262735110964902e-01 4.199486529378799737e-01 1.097581313205177711e+00
4.173377031805681203e-01 4.182647044917073842e-01 1.004163262415847413e+00
4.045875465133230153e-01 3.993740765180530117e-01 9.877933831321437097e-01
3.817121102426883072e-01 3.611075883448453538e-01 9.463886696106278418e-01
3.823095588525821098e-01 3.015518754379340471e-01 8.966703521053641657e-01
3.111268500459721809e-01 2.395427951296412172e-01 9.286943099978740568e-01
2.650996499839607390e-01 1.223734895819030832e-01 1.008409609104534255e+00
2.036736673475341985e-01 1.028455729846263489e-01 1.124358073978496408e+00
1.766667628925295830e-01 1.567402778113383965e-01 1.284659432508130195e+00
1.802754717439109533e-01 2.430255103510852166e-01 1.394024271979728669e+00
2.147146633726469411e-01 3.704781263603434960e-01 1.404926704646025870e+00
3.190335635860037100e-01 4.576968698409136782e-01 1.323907647300206047e+00
3.762428492402570823e-01 4.726082363160453714e-01 1.221366077569563391e+00
4.088105344276404263e-01 4.846271680938952220e-01 1.118651636719885545e+00
4.182785647764553083e-01 4.467940978809852304e-01 1.070505486790118033e+00
4.324685889141087758e-01 4.456901014931376470e-01 1.010147693822287307e+00
4.308230382481315068e-01 4.235052671809002578e-01 9.565595594489358922e-01
4.314031028207095941e-01 3.874965087275547559e-01 8.856749474029221858e-01
3.913971535091014253e-01 3.382650613818658503e-01 8.740665172533507166e-01
3.542222155491747126e-01 2.893958334790086573e-01 8.875769140685892955e-01
2.868521851963639624e-01 1.712253938576317469e-01 9.405416936752555301e-01
2.477570965613645482e-01 8.037666718609752514e-02 1.037709586889082214e+00
1.707000493963360677e-01 4.939431450354083569e-02 1.178978518007369747e+00
1.345778070043946728e-01 1.692728894010983309e-01 1.370967825179422395e+00
