-6.843824264874108110e+01
-6.946000043460485074e+01
-6.678979798323206296e+01
-6.764023126287020204e+01
-6.788031639227440905e+01
-6.842423212928574117e+01
-6.718500782938508564e+01
-6.817870295239757183e+01
-6.789489690309169134e+01
-6.825679996045131759e+01
-6.861867024667490966e+01
-6.686623960684642043e+01
-6.799788032827686379e+01
-6.737272722508183165e+01
-6.851308683363198782e+01
-6.697201715365117991e+01
-6.808522263957642906e+01
-6.655631520651330391e+01
-6.630846355605851272e+01
-6.631073635832365198e+01
-6.691575596540089066e+01
-6.721030650132550477e+01
-6.719889429536151226e+01
-6.675358105508045981e+01
-6.713413844841274170e+01
-6.493277713879896851e+01
-6.663276843624804258e+01
-6.814377915395903074e+01
-6.690014139348481592e+01
-6.616331521879953925e+01
-6.698633640334401207e+01
-6.570889991233727301e+01
-6.570157378088170219e+01
-6.580519747912315154e+01
-6.557258161442533151e+01
-6.701548615721839042e+01
-6.492252985468672932e+01
-6.361173037078354753e+01
-6.581975444703077471e+01
-6.619043631596338173e+01
-6.563111672236335892e+01
-6.481124134908725409e+01
-6.389083463577910038e+01
-6.354872534609101820e+01
-6.520586133452459876e+01
-6.548625411426444032e+01
-6.645619707589142422e+01
-6.510824751108374642e+01
-6.370046248592480964e+01
-6.423191023375790110e+01
-6.367325164304315877e+01
-6.462138555404743556e+01
-6.395977448530593534e+01
-6.191243137715606792e+01
-6.348927759471351351e+01
-6.431297607808394901e+01
-6.591361309782722344e+01
-6.522018198758641461e+01
-6.333267114663293285e+01
-6.586807907700899989e+01
-6.371112692265513999e+01
-6.589774854505351698e+01
-6.388442362849513501e+01
-6.277104984116861885e+01
-6.401133322823163496e+01
-6.589844212702124082e+01
-6.320184660401296384e+01
-6.557682645841201463e+01
-6.332504358258233168e+01
-6.290812159133821524e+01
-6.286476285647342621e+01
-6.211205135266531840e+01
-6.284787784479880202e+01
-6.276167971095950548e+01
-6.245064316850883301e+01
-6.142460212911075246e+01
-6.156922706216445107e+01
-6.480021229280069406e+01
-6.227038437350749689e+01
-6.224866787604428708e+01
-6.244932156912040710e+01
-6.266730861385995155e+01
-6.131515186672383066e+01
-6.230678483313552363e+01
-6.173439161122949059e+01
-6.288447343833707492e+01
-6.178021905804192215e+01
-6.290883970671707459e+01
-6.204039707803116954e+01
-6.264043837955752281e+01
-6.319804411031008584e+01
-6.150379968893832938e+01
-6.341960856498574373e+01
-6.228738392539841584e+01
-6.206495472217929432e+01
-6.066149549167514010e+01
-6.260964668775952191e+01
-5.985539279470421548e+01
-5.984872455969581750e+01
-6.190662822522818232e+01
-6.338414064830374173e+01
-6.008695624539542024e+01
-6.096264035478186116e+01
-6.209619335943217067e+01
-6.169332667688941285e+01
-6.051868033989897100e+01
-6.215683863354364291e+01
-5.968202393207175760e+01
-6.279098882935769410e+01
-6.128399026683757711e+01
-5.947286177284924946e+01
-5.942049920397005280e+01
-6.078630994590889003e+01
-5.963961873913083878e+01
-5.987291305764482985e+01
-6.105993834611464166e+01
-5.932939840624292316e+01
-5.953499461707800577e+01
-5.928277243299959309e+01
-5.883364558937149269e+01
-5.845897240301599140e+01
-5.956818759658797546e+01
-5.850755816018973832e+01
-5.907819962382036039e+01
-5.807876568706789300e+01
-5.850682343720501422e+01
-5.951669160227429956e+01
-6.002250643908373462e+01
-5.920042749617417144e+01
-5.892095539448013852e+01
-5.753350798846925329e+01
-6.001090821601595593e+01
-5.675678493128554436e+01
-5.890671420991753848e+01
-5.807193837856430463e+01
-6.002915130516635855e+01
-5.688768299150294183e+01
-5.802212708496804083e+01
-5.967120843009368514e+01
-5.966612268611481795e+01
-5.871405872028677209e+01
-5.864641781533745757e+01
-5.896414916441909781e+01
-5.698037003031291192e+01
-5.840315262064441271e+01
-5.912255585583856998e+01
-5.944472856207272571e+01
-5.567915604973316590e+01
-5.709809813000509138e+01
-5.766936006850690433e+01
-5.935140959358266599e+01
-5.759191041211382611e+01
-5.748756167029503672e+01
-5.797853832585226996e+01
-5.824785058583650965e+01
-5.717944903670795043e+01
-5.689611233411837787e+01
-5.381166962852159230e+01
-5.591241157620948599e+01
-5.450387686332753390e+01
-5.463544734020603499e+01
-5.584855497121093038e+01
-5.604205622070246307e+01
-5.771866919008090235e+01
-5.594576092540096823e+01
-5.563172815273591709e+01
-5.545529882353132933e+01
-5.645543918383373239e+01
-5.588524974838799864e+01
-5.626839429713455587e+01
-5.443148016017541124e+01
-5.411449599014382272e+01
-5.434281152266908776e+01
-5.478230103043345878e+01
-5.555181344631949969e+01
-5.508472709417966229e+01
-5.294148627303418664e+01
-5.436700205804506680e+01
-5.228774212434113622e+01
-5.298195452511431824e+01
-5.298965977033437724e+01
-5.394493168783284176e+01
-5.391293640466350467e+01
-5.321826243290369973e+01
-5.352570199865083822e+01
-5.361626665380661905e+01
-5.146704257255884585e+01
-5.365299968156763555e+01
-5.187433566217960390e+01
-5.109619571163318597e+01
-5.204975213183420379e+01
-5.172987978795914898e+01
-5.039374748550991256e+01
-4.980591015270569955e+01
-4.896547503301348314e+01
-5.056403229338729943e+01
-5.013420443154214468e+01
-5.099473695951186158e+01
-4.823808958963400784e+01
-5.103698051686404114e+01
-4.883769477735420850e+01
-4.740925244853184495e+01
-4.712576813472271908e+01
-4.662631152310262905e+01
-4.843015222988409363e+01
-4.487791314201936643e+01
-4.466539857429133065e+01
-4.470331255658179259e+01
-4.491431456836952663e+01
-4.341921343935861444e+01
-4.358403858192335889e+01
-4.271040769828720585e+01
-4.453775185388520441e+01
-4.293654893911512715e+01
-4.080458247448363096e+01
-3.948362898067030358e+01
-4.071904048231306206e+01
-3.909382361633763026e+01
-4.028905755534314892e+01
-3.523947730507938303e+01
-3.454483582303139855e+01
-3.452262532752253321e+01
-3.467527037086905750e+01
-3.266782429056532067e+01
-3.200715915292677494e+01
-2.864067367814104870e+01
-2.937348920986565659e+01
-2.724682948584193909e+01
-2.597592887135719764e+01
-2.599571457503653704e+01
-2.570275616489723092e+01
-1.934914883780236039e+01
-1.770672216919823327e+01
-1.650788209520882432e+01
-1.630318730025994611e+01
-1.249192768233608675e+01
-1.178090037233867449e+01
-9.326797537271925620e+00
-7.426682442741405765e+00
-7.229870292981624758e+00
-5.846065076129105087e+00
-4.404393605474945517e+00
-2.106429410659039991e+00
-2.297148273861837176e+00
1.516488444157775284e-01
-1.623941554289922928e+00
-3.150165735098074404e-01
7.361403476062361451e-02
9.314509466534820481e-01
8.395271514074575947e-01
-2.045812102650679698e+00
2.236529605048431235e-01
-2.428672027739333106e-01
4.290187358121074768e-01
-7.181157926990124896e-01
-3.604858166796834684e+00
-9.916759029900420463e-01
-3.646453281205541685e+00
-2.735368475768608754e+00
-1.329820083191052049e+00
-2.806083027928415241e+00
-4.989400201105564925e+00
-5.730147890715219461e+00
-4.756429644122513345e+00
-8.044601027335863463e+00
-9.837348699499280258e+00
-9.695236908298895173e+00
-7.872291360151331574e+00
-9.848430064227542857e+00
-1.264596736345615291e+01
-1.479019982841897196e+01
-1.359816435015790148e+01
-1.410671001042731021e+01
-1.689587923644814538e+01
-1.562884018266464636e+01
-1.697628825479131720e+01
-1.555383789282505980e+01
-2.060590172217803939e+01
-2.124574132400226034e+01
-2.112988666903520141e+01
-2.293790060854907153e+01
-2.350772000733022438e+01
-2.416930460810735326e+01
-2.572988201294095134e+01
-2.547861713126992100e+01
-2.722012856089178001e+01
-2.767261219021278862e+01
-2.775699914372262356e+01
-2.949449505855286091e+01
-2.996159488114232872e+01
-3.082651933439506564e+01
-3.183407924078903051e+01
-3.194605699072736371e+01
-3.463906593774997589e+01
-3.430873622366734566e+01
-3.630860252996148319e+01
-3.499851930845424874e+01
-3.743088403220259153e+01
-3.640213238397655005e+01
-3.834434219964919777e+01
-3.999439796471318687e+01
-3.927008572714364476e+01
-4.185701204098572958e+01
-4.241492238256006431e+01
-4.369788387850916678e+01
-4.503474861038598220e+01
-4.356398242208209837e+01
-4.637324208871850573e+01
-4.690724194353704490e+01
-4.700005408519749039e+01
-4.706294472367353166e+01
-4.780425374519648329e+01
-4.843982119523901986e+01
-5.141644426627113518e+01
-5.090318470027821007e+01
-5.054582506114558527e+01
-5.419295725208959169e+01
-5.371258009363454278e+01
-5.627143976396857283e+01
-5.821682169173344334e+01
-5.779780582685657464e+01
-5.990476888666366762e+01
-5.983999157579824413e+01
-5.964346598742342564e+01
-6.108500692821321110e+01
-6.333675645865402259e+01
-6.336064870277959926e+01
-6.384037561293466467e+01
-6.437498148217724747e+01
-6.472043774438989772e+01
-6.717687814367717181e+01
-6.727518106111763529e+01
-6.804226600310923345e+01
-7.028056792654270168e+01
-7.028307357365372354e+01
-6.955651424817391160e+01
-7.011082117541604930e+01
-7.046318661381832271e+01
-7.307876988156745313e+01
-7.258226830179414435e+01
-7.341263758781437332e+01
-7.274030115349209780e+01
-7.173059029730917757e+01
-7.201789514484642041e+01
-7.356271472307409454e+01
-7.491961337727030923e+01
-7.573455225010673075e+01
-7.567525106227358833e+01
-7.308353895884550866e+01
-7.509074475637628154e+01
-7.407926674831863068e+01
-7.515569444482055417e+01
-7.638406347237354055e+01
-7.275327953122902613e+01
-7.673597428719176605e+01
-7.487410923482845249e+01
-7.497850384999027540e+01
-7.400864832289332185e+01
-7.504014736539980390e+01
-7.555408969265673136e+01
-7.430187447030949954e+01
-7.450432910719290192e+01
-7.353876477886198870e+01
-7.490393299775392677e+01
-7.553858320901562706e+01
-7.532077343640220590e+01
-7.660778741671875025e+01
-7.362738164072378311e+01
-7.459219214130349940e+01
-7.371271254879513890e+01
-7.295768807908154940e+01
-7.679635286535481953e+01
-7.586422171084565491e+01
-7.410097745783876633e+01
-7.590966149945936081e+01
-7.504305922810367235e+01
-7.330244350016009491e+01
-7.414994127883902308e+01
-7.476708740453902635e+01
-7.371076439726182628e+01
-7.242630999221084664e+01
-7.568098204300191867e+01
-7.197244054539645219e+01
-7.331732100435719701e+01
-7.487787639912005488e+01
-7.361576439589730114e+01
-7.422297011575619763e+01
-7.529107710185407143e+01
-7.300143866999589193e+01
-7.312608483147521099e+01
-7.447683051724912673e+01
-7.291447229087741277e+01
-7.345030868759729969e+01
-7.402908157198602623e+01
-7.438545905092698263e+01
-7.336436144809879067e+01
-7.306178103079301422e+01
-7.368207827739774984e+01
-7.408160023025061491e+01
-7.259362546154622464e+01
-7.187042389581363011e+01
-7.229465739558074233e+01
-7.306364766083092377e+01
-7.269455162853691377e+01
-7.351917365135018656e+01
-7.366131379036320936e+01
-7.482564326939044008e+01
-7.442035312784592804e+01
-7.270517125972348538e+01
-7.315234389382789004e+01
-7.090365424178763476e+01
-7.388444282539802543e+01
-7.245160679217062238e+01
-7.209832392275853863e+01
-7.178754432770770677e+01
-7.307406218833853018e+01
-7.279249578117273245e+01
-7.220185045748759478e+01
-7.266327632663187330e+01
-7.217283495406465477e+01
-7.161333041524520127e+01
-7.285194987715166803e+01
-7.123133787143795814e+01
-7.294224071561305323e+01
-7.082041130399953488e+01
-6.987634219519291889e+01
-6.945768993487767773e+01
-7.138917712200114352e+01
-7.105004413124822804e+01
-7.184106417219317109e+01
-7.063942527026229357e+01
-7.095543289677085852e+01
-7.272448930272689438e+01
-6.999075394505631209e+01
-7.158800167592443131e+01
-7.056793400642051495e+01
-7.034391987649014766e+01
-7.187218727489351977e+01
-7.069296171965514475e+01
-7.120813470451359706e+01
-6.850139354974906780e+01
-7.116653753835730356e+01
-7.139633123585288388e+01
-7.068021575778590204e+01
-6.864131072177771387e+01
-6.980817558780397292e+01
-6.927046225201968355e+01
-6.871797198659388073e+01
-7.051639004991606896e+01
-6.924317953211034649e+01
-7.095069848695997905e+01
-7.082339650055602931e+01
-6.856333214193668368e+01
-6.765646749719198283e+01
-7.021919953241959433e+01
-6.946280782458329384e+01
-6.933537323057637991e+01
-6.888876734769448262e+01
-6.837563156892782956e+01
-6.947359732341783456e+01
-6.894773492038490303e+01
-6.857608790164803736e+01
-6.909417564732073913e+01
-6.705682018051936666e+01
-6.689848016991017232e+01
-6.987609455670244074e+01
-6.703231132068677312e+01
-6.793019134750097976e+01
-6.965931497580798748e+01
-6.988830141565959764e+01
-6.983923567991003267e+01
-6.832927012192477889e+01
-6.886258703557925287e+01
-6.890838965751919432e+01
-6.890865345584987267e+01
-6.859793322543201555e+01
-6.717920961117224010e+01
-6.961248059461580340e+01
-6.596622118286660452e+01
-6.746679855218226862e+01
-6.832385859974891673e+01
-6.606597154104935044e+01
-6.569583298086796219e+01
-6.940784992171057866e+01
-6.591941937300464360e+01
-6.846129187243415970e+01
-6.560130345228058957e+01
-6.734356172507284555e+01
-6.914936425748054205e+01
-6.622931402141728086e+01
-6.563252192461450818e+01
-6.627788186895242006e+01
-6.585006036509760463e+01
-6.651921631569709348e+01
-6.608133762984689952e+01
-6.566213754220139265e+01
-6.489470334177264021e+01
-6.680461970127889515e+01
-6.557822770548294500e+01
-6.664960203878803213e+01
-6.818123921719966063e+01
-6.652225534491641668e+01
-6.499538593950391885e+01
-6.478244857900219245e+01
-6.627902024631826805e+01
-6.650007445697229969e+01
-6.588117777130561592e+01
-6.551008110565565801e+01
-6.456843879308948431e+01
-6.557289930146920653e+01
-6.640187131301800605e+01
-6.369959566881115620e+01
-6.346995132486588176e+01
-6.454948507211372544e+01
-6.595511292708549433e+01
-6.449141794106051861e+01
-6.492724972849759979e+01
-6.563072697701342406e+01
-6.535672739601501746e+01
-6.614999566770856632e+01
-6.371764415853429142e+01
-6.429254454135627839e+01
-6.476164145922103899e+01
-6.349682454034564216e+01
-6.207928320612538187e+01
-6.512520320226043680e+01
-6.526323247746300638e+01
-6.241724371041927810e+01
-6.154729915441336630e+01
-6.433652151005088626e+01
-6.469018148817639258e+01
-6.381858696052716340e+01
-6.347368490756345949e+01
-6.416911174488336655e+01
-6.371816816395075733e+01
-6.243197115429567390e+01
-6.262711867774481078e+01
-6.495922329290445418e+01
-6.332259665709021590e+01
-6.394801489122480120e+01
-6.332547524656058613e+01
-6.332567252981730377e+01
-6.280795196842790062e+01
-6.168012565212020348e+01
-6.294937619923005911e+01
-6.476232650426038617e+01
-6.186474292226940008e+01
-6.092260523526526583e+01
-6.115662927779393954e+01
-6.258645230707454488e+01
-6.213803364851864330e+01
-6.319676045548555976e+01
-6.257260998953766062e+01
-6.004507984170879809e+01
-6.198611177820470886e+01
-6.386232859858704103e+01
-6.144192582760752686e+01
-6.269462130263628552e+01
-6.386482576787132359e+01
-6.288931774853516998e+01
-6.235208516850060789e+01
-6.276225991300003670e+01
-6.089177369498437997e+01
-6.186267096309058644e+01
-6.137270601440686590e+01
-6.135294024400590729e+01
-6.001935603008359976e+01
-6.033402981355143169e+01
-6.263715216615882042e+01
-5.964718426867463563e+01
-6.161829558710043386e+01
-6.164935464719789593e+01
-5.972715528197694113e+01
-6.106034593322608117e+01
-6.235544678051571310e+01
-6.019713561238561539e+01
-5.736785427183342989e+01
-6.159528865796090003e+01
-6.178878100727236244e+01
-5.969454206058038892e+01
-5.974792245072141128e+01
-5.934219788088797287e+01
-5.831388435015518468e+01
-5.983715826237484237e+01
-5.970901613827107468e+01
-6.053117680625331332e+01
-5.923412362137284504e+01
-6.126916848615150712e+01
-5.962612732083261591e+01
-6.196291433228968515e+01
-5.979998309281541680e+01
-5.899385371487320384e+01
-5.875166367196577966e+01
-5.773747774262592003e+01
-5.955298452913404361e+01
-5.975573165702221701e+01
-5.856306779779056626e+01
-5.989338662170362682e+01
-5.780754698047509521e+01
-5.842989582729831710e+01
-5.861730329855188160e+01
-5.737206841537122415e+01
-5.856240071400743830e+01
-5.890010785425005935e+01
-5.706114878881597008e+01
-5.844739859194956466e+01
-5.727392828060974495e+01
-5.983611816300918207e+01
-5.642027790466364934e+01
-5.639407875568664252e+01
-5.720956836444381111e+01
-5.755214998789862335e+01
-5.727447629924295569e+01
-5.547755236759557818e+01
-5.752363676496999290e+01
-5.679739336988947684e+01
-5.790246978369382447e+01
-5.709165391563620062e+01
-5.723684256024809969e+01
-5.862666540333070486e+01
-5.862972604672762600e+01
-5.763843098906667706e+01
-5.715709016484582605e+01
-5.506708754183438259e+01
-5.613021878911436602e+01
-5.406940239486058886e+01
-5.804812548421424623e+01
-5.663122848192094949e+01
-5.619532996763286548e+01
-5.701174925210355582e+01
-5.517024702224310317e+01
-5.684330985407998327e+01
-5.700082572850637774e+01
-5.381821887013163774e+01
-5.438661893720585283e+01
-5.435940514914544508e+01
-5.553793133233847357e+01
-5.491226654425374676e+01
-5.538778294448619022e+01
-5.314434459284547074e+01
-5.359969535417963726e+01
-5.498793067444405125e+01
-5.320683283876123681e+01
-5.509301125168172319e+01
-5.486241152648675978e+01
-5.331900634932123495e+01
-5.447294754068050793e+01
-5.470410656966669194e+01
-5.266946738550029750e+01
-5.292977005419665204e+01
-5.304823168288974955e+01
-5.288577972505001412e+01
-5.238071303052142724e+01
-5.350187968722098475e+01
-5.147151452629736212e+01
-5.236136838196791388e+01
-5.337962996440263908e+01
-5.011108639772301387e+01
-5.026595270323882403e+01
-5.115210813700964110e+01
-5.154875411824372833e+01
-5.105194751741381509e+01
-4.944536398957381351e+01
-5.053663063855427851e+01
-5.033833543035158442e+01
-5.105550281778968724e+01
-4.961840770813211066e+01
-4.787426966449458376e+01
-4.769200840917348216e+01
-4.790751281650987181e+01
-4.862760014734437419e+01
-4.625514989615813022e+01
-4.754091941416851341e+01
-4.726915590590591165e+01
-4.542640902685597126e+01
-4.629464030140505315e+01
-4.443064736334827813e+01
-4.261460131618123626e+01
-4.436177228154686958e+01
-4.262870004858749695e+01
-4.272491562907486440e+01
-4.144007366427591421e+01
-4.084395539353170079e+01
-3.965138958704896766e+01
-4.078997114820801073e+01
-3.789214969908441333e+01
-3.878228007394129406e+01
-3.647929937442327031e+01
-3.457977984108575953e+01
-3.501876794094095402e+01
-3.385970374958505857e+01
-3.325144271284204933e+01
-3.135354613887922426e+01
-3.067930984068984657e+01
-2.883401092231560980e+01
-2.786841341574431752e+01
-2.596460233925332162e+01
-2.526354760245641273e+01
-2.207562792118938333e+01
-2.151798360407651955e+01
-2.015191397835041798e+01
-1.739199620719416828e+01
-1.544740712177181052e+01
-1.481937822366968938e+01
-1.095248016379481193e+01
-1.233482300478322102e+01
-8.044790269695868190e+00
-6.984247395561531846e+00
-5.503881837705497659e+00
-4.715768739968955181e+00
-2.962564243304171452e+00
-3.682577881007850884e+00
-1.055450222038260666e+00
2.485390207551355646e-01
-2.532461720921891368e-01
-6.195444771552512941e-01
4.455012825582319036e-01
1.207593357504208598e+00
-5.665783220134118503e-01
2.493491492925409059e+00
-4.255176494828731837e-01
1.324580351149552859e+00
-7.555441413319550215e-01
-4.072319913447671746e-01
-1.906584914483757665e+00
-4.153736209420204606e-01
-3.325535294778241280e-01
-3.581763400043732393e+00
-4.000412109042438047e+00
-4.597219318752101991e+00
-4.164593846705856528e+00
-5.427922597207295752e+00
-7.197237610554189757e+00
-7.298630688667218536e+00
-9.616222883961116352e+00
-1.095248698066072812e+01
-1.248412794749645016e+01
-1.073205443822988947e+01
-1.352848375995214525e+01
-1.408780431708592928e+01
-1.544628531542864458e+01
-1.530057186304555117e+01
-1.594209455614823234e+01
-1.740077932303394093e+01
-1.665951143872800344e+01
-1.970965822400419398e+01
-1.959938219236789791e+01
-2.279288518208685588e+01
-2.216359217214504795e+01
-2.335335718813924544e+01
-2.509049808339818100e+01
-2.660447688079967321e+01
-2.638865420838116904e+01
-2.728176550808857570e+01
-2.909915418392012398e+01
-2.679512444781195057e+01
-2.871338939233154264e+01
-3.003809812847771354e+01
-3.045584798167072194e+01
-3.158449233265067946e+01
-3.196734553501005749e+01
-3.380755897238464769e+01
-3.474048557321177100e+01
-3.543319981899185933e+01
-3.493814231182086161e+01
-3.873738584117657524e+01
-4.007331738653071085e+01
-3.811617392412745176e+01
-3.903757082822265545e+01
-4.108806867266343232e+01
-4.416396465459684606e+01
-4.342326973790857636e+01
-4.128745205738540847e+01
-4.230200869495651972e+01
-4.457855689103769947e+01
-4.435967923894979492e+01
-4.661866171080713173e+01
-4.788643365419303422e+01
-4.653196358949739420e+01
-4.777264057912789497e+01
-4.634159871664429886e+01
-5.076287754310595091e+01
-5.126326098707364309e+01
-5.308179700252773614e+01
-5.327865128876459977e+01
-5.471192995848544882e+01
-5.432509341058713659e+01
-5.662230271164079198e+01
-5.927362011852457613e+01
-5.767985959356240500e+01
-5.754214882259236674e+01
-6.081911100751908350e+01
-6.092239776249423500e+01
-6.115830995839966278e+01
-6.362672798226005710e+01
-6.349458792278343111e+01
-6.661557064704729214e+01
-6.558433363886678080e+01
-6.615025734328762042e+01
-6.986200071697265912e+01
-6.984863241789862798e+01
-7.020784465473096247e+01
-6.900901196041098729e+01
-6.968266190745636379e+01
-6.904218217054247475e+01
-7.082538441750817526e+01
-7.057712425087350994e+01
-7.333016355977831324e+01
-7.467974159837579862e+01
-7.417602863522641599e+01
-7.243953463104628554e+01
-7.416426745086731387e+01
-7.458499442088948683e+01
-7.475336252504797585e+01
-7.421744493945776355e+01
-7.381361464851893572e+01
-7.412099352939196706e+01
-7.641633957898686447e+01
-7.465621692434935142e+01
-7.592948369357986849e+01
-7.596120839724777341e+01
-7.456177533011836545e+01
-7.488660408324226125e+01
-7.644774964306856191e+01
-7.596986818247034989e+01
-7.602605038987536545e+01
-7.594055383944771620e+01
-7.355246251051333672e+01
-7.648725136710146444e+01
-7.479038605022543607e+01
-7.562771718862725834e+01
-7.529992855327391510e+01
-7.636912640083031079e+01
-7.474488965259628515e+01
-7.441433596551718210e+01
-7.593581747108608226e+01
-7.332515012461720971e+01
-7.452262758082238747e+01
-7.344169105215782167e+01
-7.564483839039023394e+01
-7.323685825712144037e+01
-7.449337531078172958e+01
-7.611613404067664135e+01
-7.344398370392973163e+01
-7.390268670661436090e+01
-7.569586269707266979e+01
-7.510494717423094357e+01
-7.425059116344604604e+01
-7.561625473710043366e+01
-7.425980175698012431e+01
-7.435727524006657063e+01
-7.500467006204674192e+01
-7.325384441311830130e+01
-7.347209722788845454e+01
-7.463438745032682675e+01
-7.395947867113463303e+01
-7.567430794721730081e+01
-7.371974915032673437e+01
-7.472326829333735532e+01
-7.233977653775151850e+01
-7.340772455811145392e+01
-7.301855206726139613e+01
-7.411983322824795550e+01
-7.330084814408455429e+01
-7.284652063495666141e+01
-7.206116017606927926e+01
-7.266932650879688538e+01
-7.409817795855272493e+01
-7.322554416725084536e+01
-7.297090081627163727e+01
-7.308497388727587918e+01
-7.255372786756532832e+01
-7.511124290653445712e+01
-7.263578816913661740e+01
-7.255263322199049014e+01
-7.178037203683516054e+01
-7.196934834498522093e+01
-7.071593849704015611e+01
-7.378423920990556439e+01
-7.446825598985796546e+01
-7.305136903648947566e+01
-7.276248780767845403e+01
-7.153630484572838100e+01
-7.085411792699977696e+01
-7.230629262871276808e+01
-7.214337492572177268e+01
-7.258154015752080568e+01
-7.344950367340247510e+01
-7.014599619019072918e+01
-7.087333370114681941e+01
-7.174724242167404498e+01
-7.126425922884541819e+01
-7.187638341020249300e+01
-7.105052701958635453e+01
-7.204067599348854856e+01
-6.881101914588496982e+01
-7.190151911467933132e+01
-7.207972673452169943e+01
-7.165797419785025113e+01
-7.326487667506940227e+01
-7.104590377941734403e+01
-7.216392039648467005e+01
-7.104889845966914663e+01
-6.956520585446185123e+01
-7.022113079099376876e+01
-7.133921582405560002e+01
-6.940955540258285339e+01
-7.115610476062779810e+01
-6.994068981404218732e+01
-6.982067169775702098e+01
-7.079346513320730594e+01
-6.919865194119499563e+01
-7.013861551549754836e+01
-6.906459409012821027e+01
-6.894615155316283506e+01
-7.203367702284838003e+01
-6.931684135476982078e+01
-6.870989443658157825e+01
-7.039857540661462565e+01
-6.887575524292419971e+01
-6.966663112240497924e+01
-7.072593380518338790e+01
-6.891911065098734923e+01
-7.010934614834503975e+01
-6.969506263442893612e+01
-6.990834289510222277e+01
-6.974090255995548659e+01
-6.910592601310106886e+01
-6.930738719375474943e+01
-6.802977152572388775e+01
-6.976740608992476211e+01
-6.928889527973790052e+01
-6.865487357411369373e+01
-6.842010859207451290e+01
-6.868332198817694234e+01
-6.749651290431609141e+01
-6.746885697424947637e+01
-7.007506088940593258e+01
-6.983507031841823220e+01
-6.740669569594332700e+01
-6.749758065349415403e+01
-6.876219074047379820e+01
-6.868747693440944602e+01
-7.003407009802157290e+01
-6.842007446633310508e+01
-6.809437751802943239e+01
-6.793962585764722917e+01
-6.752529527505649298e+01
-6.726690765945510009e+01
-6.868336134625771194e+01
-6.686992915218330324e+01
-6.653322811156600380e+01
-6.687400581554611279e+01
-6.885687635018554431e+01
-6.685180465705830954e+01
-6.630407586285888044e+01
-6.714292633917074227e+01
-6.711043516695715994e+01
-6.730436404319382859e+01
-6.599953369964585193e+01
-6.635163519924468289e+01
-6.799081612309637990e+01
-6.712541270189353781e+01
-6.721437079057837138e+01
-6.526423034597819139e+01
-6.654402247530622105e+01
-6.379069564807593906e+01
-6.691164792803530759e+01
-6.467589090358910653e+01
-6.620996143408521561e+01
-6.841700842606238098e+01
-6.467936157311395107e+01
-6.577182420955850262e+01
-6.697044457770593340e+01
-6.420273161695492092e+01
-6.692702926633683091e+01
-6.364894259034358726e+01
-6.669340764480595851e+01
-6.439943734055763969e+01
-6.472997160734065858e+01
-6.517283313943616463e+01
-6.489787903438697469e+01
-6.482050707796605593e+01
-6.621865223836405789e+01
-6.520534499623778402e+01
-6.449541461059284586e+01
-6.454447540763511881e+01
-6.424744988598656903e+01
-6.471177015684466483e+01
-6.283257785942826956e+01
-6.340358740685516636e+01
-6.370924390508826463e+01
-6.448596158334297002e+01
-6.325781495550605626e+01
-6.315441949716134928e+01
-6.540317176178562875e+01
-6.338976898936702042e+01
-6.298367344606917584e+01
-6.460845739715171021e+01
-6.270588060827104471e+01
-6.322582317869692048e+01
-6.341034455515720936e+01
-6.315075971499126695e+01
-6.275601198230330624e+01
-6.175245854368218090e+01
-6.342695380332036592e+01
-6.308626160751982326e+01
-6.274037958793448411e+01
-6.348899733086184938e+01
-6.325239664739800816e+01
-6.357351332552309486e+01
-6.069485141519490412e+01
-6.408144071277895648e+01
-6.183291856571346301e+01
-6.152958395651240409e+01
-6.118179530134229793e+01
-6.242122082036355835e+01
-6.352486545816289976e+01
-6.339318824025967558e+01
-6.272008813933918248e+01
-6.264969269697574106e+01
-6.156381066704931015e+01
-6.049210030454655396e+01
-6.413504423497347773e+01
-6.232734119779632920e+01
-6.052174555541584766e+01
-6.208808040084262814e+01
-6.406823855355975184e+01
-6.126266511201732357e+01
-6.081258539225299131e+01
-6.104754190584326068e+01
-6.257143579775348030e+01
-6.201535474902445344e+01
-6.077501971368339895e+01
-6.138391870952831653e+01
-6.089012919616969555e+01
-6.112645291320050234e+01
-6.072233681938903516e+01
-6.073977533593059519e+01
-6.125891995634209053e+01
-6.187109181257030599e+01
-6.071478741377843846e+01
-5.911681503941964166e+01
-5.960607153756678400e+01
-5.942679071535284407e+01
-6.126297429621230606e+01
-5.995616080739164033e+01
-6.029060989160922901e+01
-6.021442121678903447e+01
-5.979710336624508216e+01
-6.122372014564999887e+01
-6.089308029233087183e+01
-5.977147610818821022e+01
-6.113430779994912712e+01
-5.984963804357875716e+01
-5.873137222249926737e+01
-5.984794286337240266e+01
-5.915297066681935689e+01
-5.808023639296915519e+01
-6.018851967975849249e+01
-5.975354706894911061e+01
-5.928146504028266861e+01
-5.906888775264332736e+01
-5.896121278687416378e+01
-5.940345052430639328e+01
-5.873341370021111629e+01
-5.904067135854218407e+01
-5.793021344509235604e+01
-5.891297484850701238e+01
-5.893557927125352336e+01
-5.695036819297298791e+01
-5.804850699677824366e+01
-5.886408174018844619e+01
-5.845986015604439956e+01
-5.983317693254583958e+01
-5.795746693772808555e+01
-5.784574137048813469e+01
-5.767380152051929088e+01
-5.706278249546578962e+01
-5.770891463644525032e+01
-5.855451699728375559e+01
-5.988019553914575255e+01
-5.736684344731229146e+01
-5.706086835303432991e+01
-5.711457193082947015e+01
-5.640145233570385130e+01
-5.692428473117604426e+01
-6.026328941078028834e+01
-5.548710413742497138e+01
-5.604250883049689236e+01
-5.537569171305495530e+01
-5.670455430124266627e+01
-5.515038673726128593e+01
-5.629795498990641534e+01
-5.468320914400469235e+01
-5.838984957179920343e+01
-5.649960135972729347e+01
-5.600981736622497209e+01
-5.509502598450250588e+01
-5.368625680214690732e+01
-5.547463559361548135e+01
-5.536220622979396921e+01
-5.447812186080575003e+01
-5.538358259310507492e+01
-5.360912755827103382e+01
-5.329764989840080602e+01
-5.314899891169529411e+01
-5.355933395918510342e+01
-5.524576017544190876e+01
-5.225031504862479892e+01
-5.382980878575088468e+01
-5.536995750958562468e+01
-5.333694629370356211e+01
-5.333622180993050677e+01
-5.575741459159304725e+01
-5.246516282492513028e+01
-5.268438280471053758e+01
-5.424821050991205595e+01
-5.373903754204829397e+01
-5.302551535818519568e+01
-5.368981967290179114e+01
-5.368769278198946182e+01
-5.271306374778539094e+01
-5.341540708895139744e+01
-5.308438597650544466e+01
-5.125590712830307183e+01
-5.165834394557809617e+01
-5.185521452184902813e+01
-5.152649586700230344e+01
-5.094134477797686600e+01
-5.096395188792396169e+01
-5.064803921124124031e+01
-4.795459909704967316e+01
-4.863634616301273184e+01
-5.064721617684219268e+01
-4.954726053323845747e+01
-4.793692541257060213e+01
-4.829033373298710785e+01
-4.718126321176897875e+01
-4.673865989850064295e+01
-4.831937507006931298e+01
-4.679585750217187723e+01
-4.655094680171396249e+01
-4.550364518030263383e+01
-4.517941218572649120e+01
-4.562589016236869810e+01
-4.345978986905790720e+01
-4.303279977816212210e+01
-4.341922634123076818e+01
-4.246627688256885591e+01
-4.066512186196893452e+01
-3.936271324621962719e+01
-4.059065410725059309e+01
-4.046704701818028838e+01
-3.943393775850328353e+01
-3.643290274847112187e+01
-3.528798637035136210e+01
-3.639965632215171354e+01
-3.496512910967139476e+01
-3.155285256449620235e+01
-3.199512254370845454e+01
-3.052881410246091320e+01
-2.871726844679495017e+01
-2.783580259391113998e+01
-2.685793610024138545e+01
-2.560844068038660382e+01
-2.352988936358498862e+01
-1.999267802682906847e+01
-1.991572384749829894e+01
-1.776464684499336144e+01
-1.806256451364641435e+01
-1.491615972855924532e+01
-1.389065014432711109e+01
-1.182935248165270892e+01
-8.888686707138836240e+00
-4.362122605009396636e+00
-8.830824874762541299e+00
-5.529508299971047869e+00
-3.717512331588108232e+00
-1.502511991781475764e+00
-2.097847722583025210e+00
-1.955585034955368950e+00
-1.105180872247166102e+00
-5.642898641638651736e-01
-2.737691219957791300e-01
1.747190451199855277e+00
1.221298981668391681e-01
2.320188751629214119e-01
3.645436250402924183e-01
-3.063162690825241841e-01
2.808469239001567530e-01
-2.926095221795926626e+00
-2.776582365942416253e+00
-8.708888895988651235e-01
-1.967861511107726447e+00
-2.723485284352265001e+00
-4.331584945963137478e+00
-6.280745783483405731e+00
-7.511271491433456404e+00
-7.398079806295473126e+00
-7.835940548469606526e+00
-1.006134426683187577e+01
-9.039697615545369658e+00
-8.350971981511541742e+00
-1.215871060823640804e+01
-1.257058831841472823e+01
-1.229334743772927041e+01
-1.354493474228347694e+01
-1.479768399801243284e+01
-1.526277554150185622e+01
-1.661959368766728318e+01
-1.714046161850183125e+01
-1.945725436612709203e+01
-1.865253008059619688e+01
-1.957620962238407358e+01
-2.190151723944785900e+01
-2.205746866733519340e+01
-2.370945097199285811e+01
-2.319541279174838877e+01
-2.454889091627265429e+01
-2.732202834983104012e+01
-2.687596974644549164e+01
-2.609223903340831185e+01
-2.779905389369823610e+01
-2.892508251651639739e+01
-3.031362500318245168e+01
-3.077919821629594210e+01
-3.281025017662544485e+01
-3.248685870773278594e+01
-3.441212491655262085e+01
-3.382183310291868850e+01
-3.497001686480733440e+01
-3.539373052981239454e+01
-3.692151237545814979e+01
-3.769106385692276717e+01
-3.967369801823624442e+01
-3.947511850908546194e+01
-4.147987049348497379e+01
-4.236057391033389763e+01
-4.154197978841032324e+01
-4.308352751699284511e+01
-4.339169973663592117e+01
-4.552166168419489622e+01
-4.668815545995074245e+01
-4.556905744234357059e+01
-4.482696359692599941e+01
-4.680034010213971385e+01
-4.962308166569903278e+01
-5.017195215482797011e+01
-5.047656726996856946e+01
-5.055457645314075421e+01
-5.267464825001663797e+01
-5.291940874762752145e+01
-5.456825581143228732e+01
-5.582534737616439457e+01
-5.535739124882707785e+01
-5.776774130840737342e+01
-5.893169907740316660e+01
-5.968041461168489548e+01
-6.041736680774917545e+01
-6.035563835652508402e+01
-6.186239775928845575e+01
-6.348301564573694122e+01
-6.328832097151792624e+01
-6.419730549213385018e+01
-6.701633153642517016e+01
-6.622820686569873772e+01
-6.691738483420142813e+01
-6.638320159805488174e+01
-6.850447534609207878e+01
-6.848371343220063068e+01
-6.836731975980856646e+01
-7.130377281336782858e+01
-7.004614121582731912e+01
-7.067324882699681154e+01
-7.235236144195100394e+01
-7.282412666169416582e+01
-7.224582734861478173e+01
-7.222756305447046543e+01
-7.261752576981670870e+01
-7.502031494828665359e+01
-7.374950014636701212e+01
-7.359148554214523585e+01
-7.382139898670448019e+01
-7.282170475010563848e+01
-7.399660545081553664e+01
-7.613614608206813728e+01
-7.632929087327924833e+01
-7.529127676054838503e+01
-7.564267687294675113e+01
-7.426353593108476048e+01
-7.429688790776963003e+01
-7.534760141839451819e+01
-7.610943871859754495e+01
-7.594384028595139569e+01
-7.500046602184895050e+01
-7.443346083931568558e+01
-7.418657070992210834e+01
-7.418074093548450776e+01
-7.645484139144561198e+01
-7.453697609616122577e+01
-7.596752360264206061e+01
-7.367965604764773957e+01
-7.450429505327463175e+01
-7.412488486278256516e+01
-7.339368989485573991e+01
-7.340088986383258884e+01
-7.518587937907139462e+01
-7.540028735140641913e+01
-7.529427294048171859e+01
-7.325504480740902125e+01
-7.438499830461626061e+01
-7.573528472705456238e+01
-7.513592167909561681e+01
-7.520033691223700600e+01
-7.475257095815183561e+01
-7.590756558715888502e+01
-7.439244525869781910e+01
-7.427398982948686523e+01
-7.486383450013285312e+01
-7.403599964396236999e+01
-7.335160440517078939e+01
-7.318446258396643600e+01
-7.636686748324102325e+01
-7.324318744432069650e+01
-7.129503562655447979e+01
-7.374662031223489578e+01
-7.275239741806814209e+01
-7.403172208973926161e+01
-7.427080037973335891e+01
-7.349861906917014664e+01
-7.208240624090107929e+01
-7.342600386720503991e+01
-7.220866896448215755e+01
-7.349120587192994947e+01
-7.351887611959249114e+01
-7.381775279746103990e+01
-7.255955205668040264e+01
-7.391156281265716643e+01
-7.235498180000999469e+01
-7.392632904207061983e+01
-7.174475822029755534e+01
-7.476863053359642208e+01
-7.247550961986021889e+01
-7.184924071285342961e+01
-7.258117642702940486e+01
-7.301693824952089074e+01
-7.291803632686192316e+01
-7.396472901213643070e+01
-7.246704130545782618e+01
-7.329100964531924944e+01
-7.168789925028860921e+01
-7.293475467352648423e+01
-7.166625362940627042e+01
-6.993531583834177923e+01
-7.135959670027733637e+01
-7.296308839217066122e+01
-7.149056154082695969e+01
-7.212338390585466641e+01
-7.290107010077123562e+01
-7.171352949063737015e+01
-7.176656200723826373e+01
-7.181381611416107091e+01
-7.079811229557935803e+01
-7.190655421143448223e+01
-7.198571669771588688e+01
-7.151957196411670736e+01
-7.017179713123559281e+01
-6.974966157368511688e+01
-7.050975180513691498e+01
-6.957759232051634513e+01
-7.181398444123870206e+01
-6.938046471473568033e+01
-7.110298919977624621e+01
-6.978293101391906816e+01
-6.976988726710037270e+01
-7.065592724806614910e+01
-7.030974814948089602e+01
-7.094139330166431989e+01
-6.984153179826557789e+01
-6.976889842722333412e+01
-7.132996995967363318e+01
-6.997733337569938783e+01
-6.999416876972874491e+01
-6.891939477916072576e+01
-7.090929459646488908e+01
-6.971096916732375348e+01
-6.789341943174660798e+01
-6.962020931744808649e+01
-6.900562866426891162e+01
-7.102939034863628365e+01
-7.022898815197332567e+01
-6.884030095240119351e+01
-7.130697171496373699e+01
-6.756335040162660732e+01
-6.950974653912041390e+01
-7.064260652221281589e+01
-6.822138648742254929e+01
-6.988948702397134127e+01
-6.907631418777302201e+01
-6.811122546364524055e+01
-6.777029013909698563e+01
-6.778733799610641597e+01
-6.922010996398407201e+01
-6.713270884583471343e+01
-6.849208254511408711e+01
-6.768338249404052931e+01
-6.808460239154742055e+01
-6.863956853012561510e+01
-6.795042784514014045e+01
-6.792576089523879546e+01
-6.757212626827730162e+01
-6.879278810713985592e+01
-6.703851622624191009e+01
-6.744578309366085023e+01
-6.725305524438131499e+01
-6.745252322433297820e+01
-6.626432435433075341e+01
-6.686800628343823405e+01
-6.723230017678513093e+01
-6.829670595245454479e+01
-6.738398653390058257e+01
-6.721488129974544279e+01
-6.830053651865632958e+01
-6.756904236338385772e+01
-6.722462980962288270e+01
-6.732074870812159872e+01
-6.707428115806717983e+01
-6.708665816712399987e+01
-6.784816908262736490e+01
-6.643323995539951454e+01
-6.650378021248067739e+01
-6.719860506654424626e+01
-6.789625048440204580e+01
-6.614553214861206243e+01
-6.567302934594718522e+01
-6.664122826157212387e+01
-6.518900398778751537e+01
-6.798484278762835231e+01
-6.475364109461446560e+01
-6.470153171274118620e+01
-6.582034489294640878e+01
-6.505295187027293480e+01
-6.556304081917356541e+01
-6.398911689793350632e+01
-6.622070998423234300e+01
-6.674831418538866501e+01
-6.449711552146115423e+01
-6.611707045235145586e+01
-6.407070650180548910e+01
-6.493146006250337621e+01
-6.333547084262634996e+01
-6.352376609484905856e+01
-6.345155104472734564e+01
-6.533797719590424435e+01
-6.409565008568159783e+01
-6.409924261035658333e+01
-6.238748197726491895e+01
-6.404193315538567788e+01
-6.476198065345305110e+01
-6.380191445000770045e+01
-6.354883071172056219e+01
-6.430759732168102971e+01
-6.444374387098710599e+01
-6.399620416224190933e+01
-6.254978597041451138e+01
-6.376795444220791609e+01
-6.375447089205096773e+01
-6.450044686246783954e+01
-6.548646087335062305e+01
-6.484163732606862141e+01
-6.052007489549694697e+01
-6.367107597475335723e+01
-6.271257515147524231e+01
-6.354848628883398476e+01
-6.275110508305693457e+01
-6.379477068981154986e+01
-6.436530503760916133e+01
-6.316641784558031958e+01
-6.195125258528901213e+01
-6.344058406228037228e+01
-6.298529635333820664e+01
-6.172111430596283554e+01
-6.233356477860790079e+01
-6.280300091715515975e+01
-6.274725938298927730e+01
-6.384343033387062860e+01
-6.186907977308413820e+01
-6.183413296202333242e+01
-6.191668054533271714e+01
-6.167494858255287227e+01
-6.277155063166562599e+01
-6.282875522759248099e+01
-6.187949065107046209e+01
-6.188933666968362246e+01
-6.250969291766566016e+01
-6.009531055513138398e+01
-6.273118502982477906e+01
-6.387512783231664315e+01
-6.168242684197530679e+01
-6.382816233921523974e+01
-6.202167982821460868e+01
-5.988842731922663631e+01
-6.047062533049830790e+01
-5.937363037911372743e+01
-6.250197049664358673e+01
-6.095598718248320580e+01
-5.873351873126689782e+01
-6.043547716940090453e+01
-6.204529837018086624e+01
-6.021390469843967708e+01
-5.987504281523619909e+01
-5.975924398506163726e+01
-6.140105678224828978e+01
-5.993280908691960462e+01
-6.254758107913450260e+01
-5.952765065312102877e+01
-6.111726584364095061e+01
-6.085172154924635635e+01
-6.322726071594004082e+01
-6.014398041726305166e+01
-6.003847739570580444e+01
-6.044154302977995030e+01
-6.028233826071228663e+01
-5.950144433416180334e+01
-6.018448103635785884e+01
-5.970790349801362851e+01
-6.112108904956607347e+01
-5.860788078573662574e+01
-5.900775931446045064e+01
-5.724937695957088124e+01
-5.754574416123909231e+01
-5.781890067401223376e+01
-5.835364744480701660e+01
-5.868245003346427069e+01
-5.971180355619035396e+01
-5.820128515690443294e+01
-5.865026935919076578e+01
-6.004496623154326329e+01
-5.924443814800645924e+01
-5.888641820945135663e+01
-5.893609810357541079e+01
-5.795288323238637673e+01
-5.760701013577376983e+01
-6.039415040127784096e+01
-5.828640194896492233e+01
-5.705581566235074575e+01
-5.993752364833773072e+01
-5.684232926487101878e+01
-5.842124006354084997e+01
-5.559542736276830510e+01
-5.795501322234022012e+01
-5.741642115738360985e+01
-5.592433157943300870e+01
-5.814899860201438031e+01
-5.678524017249235811e+01
-5.845702883570670139e+01
-5.653356178109225283e+01
-5.613657638270090899e+01
-5.795191360991142204e+01
-5.682259716562957408e+01
-5.630911397121127493e+01
-5.664584598589937769e+01
-5.666266163995906169e+01
-5.612597941543717184e+01
-5.480229531514935815e+01
-5.751975050821896929e+01
-5.680866907850375469e+01
-5.709604825267736317e+01
-5.442053776287337996e+01
-5.411862851510652206e+01
-5.585532831997021219e+01
-5.442867513535934876e+01
-5.405099168056531767e+01
-5.572077401402547991e+01
-5.541781187903133343e+01
-5.457211259573861639e+01
-5.524147684272428194e+01
-5.380211278056007274e+01
-5.347698004435886787e+01
-5.388061181954342516e+01
-5.442806079344484260e+01
-5.446405347912106976e+01
-5.450485960889890436e+01
-5.340589574315489330e+01
-5.476418617299636082e+01
-5.303913342803226527e+01
-5.330618525318352852e+01
-5.363843536118657340e+01
-5.250807555049455289e+01
-5.291371392260536766e+01
-5.247837616838769037e+01
-5.130681436646902682e+01
-5.186061403615990173e+01
-5.426683176421155963e+01
-5.091056572658482082e+01
-5.105244866962330974e+01
-5.090922914680000133e+01
-5.018679884602710217e+01
-5.034975966301177408e+01
-4.927962998329706323e+01
-4.999200565398273710e+01
-4.821233988766080358e+01
-4.879775286541233470e+01
-4.899285049532969083e+01
-4.898312822901745989e+01
-4.803098193289329743e+01
-4.836226266447173572e+01
-4.709339794213575914e+01
-4.603184142827503678e+01
-4.737502767933129633e+01
-4.545417351294776154e+01
-4.464383009917450806e+01
-4.430210217366604297e+01
-4.431013677526109973e+01
-4.369229596203741295e+01
-4.427658929246383224e+01
-4.230847299756726443e+01
-4.167771992805240444e+01
-4.088506934892349420e+01
-3.750438740792348113e+01
-4.064719210834436325e+01
-3.823464688231681663e+01
-3.754996649568715839e+01
-3.678311783643619037e+01
-3.488826697646580755e+01
-3.542468040596887846e+01
-3.325185866343065300e+01
-3.251896772585647710e+01
-3.128417806149882807e+01
-2.874119912394573007e+01
-2.800107225649765397e+01
-2.471884406905208209e+01
-2.474734870228713746e+01
-2.271842938867232675e+01
-2.291406605603846458e+01
-2.077066911708208252e+01
-1.790079600265895010e+01
-1.751070111642571803e+01
-1.352761466530007084e+01
-1.261190461448491185e+01
-1.022137862206220227e+01
-1.029456762969303263e+01
-7.458064303135741646e+00
-5.386820076266237933e+00
-4.582458060591944715e+00
-5.134911988952030271e+00
-1.818759910311611883e+00
-5.824990167606702851e-01
-2.014238123968115524e+00
-2.097262905902834706e-01
4.359344201497301063e-01
2.374136896363625571e+00
1.742832996051889349e+00
1.690347338321288362e+00
1.104970449521093467e+00
-5.464375044989451258e-01
1.365860230471574732e-01
1.502938216013405825e-01
-1.649947394592526928e+00
-9.585672639792748306e-01
-2.744216839952013043e+00
-2.393814542812966017e+00
-3.089724486433398365e+00
-4.168797793993774370e+00
-3.108503188580043819e+00
-4.170695029511462870e+00
-6.302473645105146183e+00
-5.326537089960631022e+00
-8.351139128269769785e+00
-8.427891564389142331e+00
-9.675300965630725614e+00
-1.072098534160216765e+01
-1.125782345004671292e+01
-1.187390383084195378e+01
-1.304201796680282754e+01
-1.330828005293340333e+01
-1.396643152081193406e+01
-1.540944634350493025e+01
-1.726496977639430597e+01
-1.853285240401087108e+01
-1.950415662065127265e+01
-1.957135088947386592e+01
-1.920909957771954879e+01
-2.041615226918240467e+01
-2.411535271816138604e+01
-2.536290996855263558e+01
-2.548754448223641944e+01
-2.542621614657090490e+01
-2.621399225393966859e+01
-2.781368789730734647e+01
-2.914551032702579292e+01
-3.082459535527202377e+01
-2.989317043175469024e+01
-3.103526086193826572e+01
-3.204504112597183507e+01
-3.357007278013757912e+01
-3.256410924735622103e+01
-3.363211053109590409e+01
-3.604064958563414933e+01
-3.612533744550781023e+01
-3.726458170146113247e+01
-3.860799179071774745e+01
-3.696823590302003026e+01
-3.672075615413946537e+01
-3.988826374799445063e+01
-4.170695546243037199e+01
-4.347880154135206965e+01
-4.257928425972909281e+01
-4.229657983130184107e+01
-4.204406090465391799e+01
-4.458609454116250248e+01
-4.543577854082286649e+01
-4.792491772348191859e+01
-4.680334908343224498e+01
-4.836616368076479944e+01
-5.095606077921534194e+01
-5.067635758482115449e+01
-5.139853044886655908e+01
-5.078033022003076269e+01
-5.497104365702678308e+01
-5.442994005818778902e+01
-5.599372562180609236e+01
-5.538173079893519457e+01
-5.610836990292344240e+01
-5.668788844580622310e+01
-6.030447821440686340e+01
-5.904057076053383213e+01
-6.212586194355414193e+01
-6.171934374725771733e+01
-6.212061138621882606e+01
-6.379161654072294141e+01
-6.393803506270912607e+01
-6.511650144861674505e+01
-6.624939994750397432e+01
-6.520588706560819503e+01
-6.908217508485586222e+01
-6.937145224248196484e+01
-6.914591689546372777e+01
-6.872494925192472692e+01
-6.984955800877219190e+01
-6.977063419119872378e+01
-7.071706275400194386e+01
-7.059423202400466835e+01
-7.275952867479200847e+01
-7.343822585802634251e+01
-7.623489835690773475e+01
-7.271179124085409740e+01
-7.476771089605080078e+01
-7.447955012429110866e+01
-7.318289585377796413e+01
-7.537893421593417997e+01
-7.399629204869866328e+01
-7.318490782810405904e+01
-7.560563705665560974e+01
-7.316081526427838355e+01
-7.604025258331479620e+01
-7.463049571431359652e+01
-7.489792955022545584e+01
-7.428155215351245033e+01
-7.366838574681280249e+01
-7.598089304172941638e+01
-7.357074627190804961e+01
-7.634870042896679365e+01
-7.493430527094071181e+01
-7.614451711987869942e+01
-7.450024376435962381e+01
-7.633217593677782986e+01
-7.523101403210526428e+01
-7.365952323726826023e+01
-7.546786854426528635e+01
-7.507188178777553844e+01
-7.529792343494287366e+01
-7.415860696733882662e+01
-7.391276457209723105e+01
-7.482893331827874306e+01
-7.486103398211051285e+01
-7.523167103393505784e+01
-7.401698302259416096e+01
-7.515779566325672079e+01
-7.408327513346486626e+01
-7.407164156939236932e+01
-7.604844604499267291e+01
-7.536196545749982079e+01
-7.372702749478732187e+01
-7.489197441295922886e+01
-7.395143638391408558e+01
-7.429039788443724035e+01
-7.475481550931381491e+01
-7.467966509329465907e+01
-7.485447529238417985e+01
-7.324579915799562002e+01
-7.419986438642699511e+01
-7.266331330411753697e+01
-7.498900576625104009e+01
-7.479866904490882007e+01
-7.489526841936020674e+01
-7.224456815195041770e+01
-7.319093208788682148e+01
-7.385336562906149993e+01
-7.293481453363338574e+01
-7.475165722338702778e+01
-7.506437564049222999e+01
-7.360642177375974882e+01
-7.285333805532390272e+01
-7.268632632998242116e+01
-7.219434943447407704e+01
-7.420155503862319790e+01
-7.093274265084960462e+01
-7.200656154743340664e+01
-7.301130679726659878e+01
-7.115482133865528169e+01
-7.379150728387286051e+01
-7.429664512357440742e+01
-7.322376988095764716e+01
-7.202160939277743523e+01
-7.290567668070944762e+01
-7.149216771089918154e+01
-7.259120407813657039e+01
-7.247478296146256582e+01
-7.077299690567734558e+01
-7.312439254141307288e+01
-7.256585416583000381e+01
-7.129683875173682850e+01
-7.085692289978148040e+01
-7.093910012757685024e+01
-7.275834053433494830e+01
-7.264587421850110616e+01
-7.071813399302362768e+01
-7.155128819261446438e+01
-7.053903289319292469e+01
-6.996077858148470341e+01
-7.146750291761200913e+01
-7.063733353291701178e+01
-7.085265574167786440e+01
-7.081030999626425171e+01
-7.053370621818415032e+01
-6.952678206984862186e+01
-7.131756450658548374e+01
-7.040804030188766660e+01
-7.097995634550426303e+01
-6.922828369279824301e+01
-7.047476429854509661e+01
-7.208196951210923942e+01
-7.005711013745354876e+01
-6.964200850754401984e+01
-6.951777565078636201e+01
-7.047324683304037762e+01
-7.136732880229726561e+01
-7.024439916859572008e+01
-6.958194525913992834e+01
-7.030243243827493416e+01
-7.129659169322847845e+01
-6.893655928454310811e+01
-7.109916331510386556e+01
-6.869512005578417302e+01
-7.096366330145885115e+01
-6.833103309335584186e+01
-7.012248839444183091e+01
-7.136606914670866786e+01
-6.922973136642480085e+01
-6.968669243511735090e+01
-6.801217757958244192e+01
-6.982257578726222391e+01
-6.825222747432552239e+01
-6.827383938667504992e+01
-6.938948180044158676e+01
-6.912319885659326246e+01
-6.816871889489063108e+01
-6.945650135425090355e+01
-6.873080574440547252e+01
-7.019664845206520454e+01
-6.990418421937229709e+01
-6.845627924942299103e+01
-6.914828143620501066e+01
-6.796045247391464272e+01
-6.843798741357736048e+01
-7.048255076262607588e+01
-6.568918887052062416e+01
-6.742795954407060322e+01
-6.937715546969705827e+01
-6.693671980080002015e+01
-6.798586135409675535e+01
-6.764884622158302818e+01
-6.642161829273995011e+01
-6.709517909600020857e+01
-6.799506176058153528e+01
-6.571403735445369421e+01
-6.745254755679484049e+01
-6.794955330427386286e+01
-6.601997142254080586e+01
-6.570561987125583414e+01
-6.499502730131420947e+01
-6.414731857556320449e+01
-6.743256795021629557e+01
-6.529441965802662651e+01
-6.783251019784339064e+01
-6.873230360312767573e+01
-6.638391906327096592e+01
-6.679160364598911315e+01
-6.604358116790902500e+01
-6.679687630755569216e+01
-6.789288869388856540e+01
-6.666700087339327752e+01
-6.536032848996751454e+01
-6.700387526324266219e+01
-6.614910079043826840e+01
-6.630649183248493728e+01
-6.452525245467266757e+01
-6.443244944319464196e+01
-6.437410173252627033e+01
-6.591064181859097459e+01
-6.531454586240708693e+01
-6.570142045531197539e+01
-6.674268946157305038e+01
-6.578736544973409650e+01
-6.449815042255333708e+01
-6.442198007473555776e+01
-6.574958391161024451e+01
-6.595623845260456619e+01
-6.220821095818003954e+01
-6.524622245883459470e+01
-6.286893927151216843e+01
-6.418073148545140327e+01
-6.420728389187397056e+01
-6.542167533930134482e+01
-6.429098025335068201e+01
-6.469391550013907022e+01
-6.527791179251966014e+01
-6.316922744132422451e+01
-6.517197806512992031e+01
-6.525895151243982184e+01
-6.466384913543713253e+01
-6.335694900258933160e+01
-6.261303717710206485e+01
-6.308919412313115060e+01
-6.392037661525512249e+01
-6.369478265919364901e+01
-6.445006041503864935e+01
-6.408716758608828457e+01
-6.367781499616035745e+01
-6.317561657943336684e+01
-6.306216810200364620e+01
-6.242574840863830588e+01
-6.142880376103494200e+01
-6.084972707429482597e+01
-6.245842823988375159e+01
-6.327298703976678240e+01
-6.278827991500374850e+01
-6.378135230440069137e+01
-6.408253052938071903e+01
-6.060944320848928868e+01
-6.181089306148016504e+01
-6.292976679630976378e+01
-6.224578416104814949e+01
-6.289271764747273608e+01
-6.262974825799967959e+01
-6.100392022336325937e+01
-6.033076062790224370e+01
-6.292256641650045168e+01
-5.895107416570917991e+01
-6.123380525092796489e+01
-6.255350608221081643e+01
-6.183570346990146760e+01
-6.139420699180826091e+01
-6.175232838424934556e+01
-6.081443597021948477e+01
-6.072666536978739771e+01
-6.368321748894470602e+01
-6.257067542263873605e+01
-6.198863419418448473e+01
-6.086912896868273748e+01
-6.175618270580820024e+01
-6.032765063741345557e+01
-6.231661121441379692e+01
-6.011227124555317403e+01
-6.093802928272176445e+01
-6.031933110797414344e+01
-6.022062775963059522e+01
-6.140771869615800682e+01
-6.188254775062146962e+01
-6.054057822167213487e+01
-6.018219246641242393e+01
-6.135119628419150217e+01
-6.161076044709128752e+01
-6.101117584561578155e+01
-6.184608379633133524e+01
-6.194567680645707242e+01
-6.139480524779121140e+01
-5.860800267699759303e+01
-6.049690185266704390e+01
-5.861937705722605330e+01
-5.857581851865079159e+01
-5.962497990806899395e+01
-6.046572439046446590e+01
-5.840552007014665037e+01
-5.935998104937623765e+01
-6.062212072495645998e+01
-5.961335090297509964e+01
-5.927149966219234756e+01
-6.042322617025439513e+01
