1.156175735125891946e-01
1.053999956539514865e-01
1.321020201676793571e-01
1.235976873712979762e-01
1.211968360772559122e-01
1.157576787071425833e-01
1.281499217061491391e-01
1.182129704760242761e-01
1.210510309690830816e-01
1.174320003954868186e-01
1.138132975332509095e-01
1.313376039315357902e-01
1.200211967172313682e-01
1.262727277491816902e-01
1.148691316636801241e-01
1.302798284634882064e-01
1.191477736042357155e-01
1.344368479348669598e-01
1.369153644394148772e-01
1.368926364167634691e-01
1.308424403459911012e-01
1.278969349867449534e-01
1.280110570463848796e-01
1.324641894491954131e-01
1.286586155158725708e-01
1.506722286120103227e-01
1.336723156375195787e-01
1.185622084604096987e-01
1.309985860651518286e-01
1.383668478120046175e-01
1.301366359665598882e-01
1.429110008766272810e-01
1.429842621911829870e-01
1.419480252087684802e-01
1.442741838557466960e-01
1.298451384278160869e-01
1.507747014531327090e-01
1.638826962921645369e-01
1.418024555296922562e-01
1.380956368403661871e-01
1.436888327763664042e-01
1.518875865091274535e-01
1.610916536422090095e-01
1.645127465390898158e-01
1.479413866547540091e-01
1.451374588573556002e-01
1.354380292410857500e-01
1.489175248891625447e-01
1.629953751407519080e-01
1.576808976624209935e-01
1.632674835695684112e-01
1.537861444595256533e-01
1.604022551469406477e-01
1.808756862284393307e-01
1.651072240528648760e-01
1.568702392191605177e-01
1.408638690217277611e-01
1.477981801241358417e-01
1.666732885336706660e-01
1.413192092299100089e-01
1.628887307734485923e-01
1.410225145494648225e-01
1.611557637150486388e-01
1.722895015883137981e-01
1.598866677176836448e-01
1.410155787297875940e-01
1.679815339598703661e-01
1.442317354158798581e-01
1.667495641741766899e-01
1.709187840866178421e-01
1.713523714352657434e-01
1.788794864733468104e-01
1.715212215520119932e-01
1.723832028904049574e-01
1.754935683149116687e-01
1.857539787088924865e-01
1.843077293783554893e-01
1.519978770719930539e-01
1.772961562649250367e-01
1.775133212395571258e-01
1.755067843087959323e-01
1.733269138614004778e-01
1.868484813327616900e-01
1.769321516686447604e-01
1.826560838877051007e-01
1.711552656166292485e-01
1.821978094195807751e-01
1.709116029328292541e-01
1.795960292196883135e-01
1.735956162044247630e-01
1.680195588968991516e-01
1.849620031106166962e-01
1.658039143501425505e-01
1.771261607460158372e-01
1.793504527782070479e-01
1.933850450832486079e-01
1.739035331224047798e-01
2.014460720529578364e-01
2.015127544030418383e-01
1.809337177477181868e-01
1.661585935169625772e-01
1.991304375460457854e-01
1.903735964521813817e-01
1.790380664056782922e-01
1.830667332311058659e-01
1.948131966010102911e-01
1.784316136645635598e-01
2.031797606792824229e-01
1.720901117064230490e-01
1.871600973316242256e-01
2.052713822715075132e-01
2.057950079602994808e-01
1.921369005409110930e-01
2.036038126086916200e-01
2.012708694235517126e-01
1.894006165388535945e-01
2.067060159375707640e-01
2.046500538292199411e-01
2.071722756700040691e-01
2.116635441062850731e-01
2.154102759698400815e-01
2.043181240341202520e-01
2.149244183981026124e-01
2.092180037617963895e-01
2.192123431293210578e-01
2.149317656279498556e-01
2.048330839772569967e-01
1.997749356091626516e-01
2.079957250382582779e-01
2.107904460551986159e-01
2.246649201153074760e-01
1.998909178398404485e-01
2.324321506871445675e-01
2.109328579008246107e-01
2.192806162143569604e-01
1.997084869483364278e-01
2.311231700849705750e-01
2.197787291503195961e-01
2.032879156990631542e-01
2.033387731388518194e-01
2.128594127971322747e-01
2.135358218466254232e-01
2.103585083558090207e-01
2.301962996968708874e-01
2.159684737935558818e-01
2.087744414416143057e-01
2.055527143792727496e-01
2.432084395026683499e-01
2.290190186999490896e-01
2.233063993149309590e-01
2.064859040641733312e-01
2.240808958788617355e-01
2.251243832970496461e-01
2.202146167414772981e-01
2.175214941416349079e-01
2.282055096329204946e-01
2.310388766588162279e-01
2.618833037147840770e-01
2.408758842379051524e-01
2.549612313667246610e-01
2.536455265979396523e-01
2.415144502878907029e-01
2.395794377929753582e-01
2.228133080991909765e-01
2.405423907459903199e-01
2.436827184726408357e-01
2.454470117646866956e-01
2.354456081616626839e-01
2.411475025161200214e-01
2.373160570286544369e-01
2.556851983982458831e-01
2.588550400985617506e-01
2.565718847733091112e-01
2.521769896956654322e-01
2.444818655368050098e-01
2.491527290582033760e-01
2.705851372696581603e-01
2.563299794195493253e-01
2.771225787565886334e-01
2.701804547488568242e-01
2.701034022966562476e-01
2.605506831216715669e-01
2.608706359533649599e-01
2.678173756709629760e-01
2.647429800134916134e-01
2.638373334619338317e-01
2.853295742744115238e-01
2.634700031843236201e-01
2.812566433782039410e-01
2.890380428836681337e-01
2.795024786816579510e-01
2.827012021204085013e-01
2.960625251449008899e-01
3.019408984729430312e-01
3.103452496698651530e-01
2.943596770661269790e-01
2.986579556845785355e-01
2.900526304048813842e-01
3.176191041036598994e-01
2.896301948313595997e-01
3.116230522264579195e-01
3.259074755146815772e-01
3.287423186527728136e-01
3.337368847689737295e-01
3.156984777011590526e-01
3.512208685798063335e-01
3.533460142570866713e-01
3.529668744341820652e-01
3.508568543163047559e-01
3.658078656064138734e-01
3.641596141807664222e-01
3.728959230171279282e-01
3.546224814611479426e-01
3.706345106088487218e-01
3.919541752551636837e-01
4.051637101932969443e-01
3.928095951768693639e-01
4.090617638366236819e-01
3.971094244465684930e-01
4.476052269492061808e-01
4.545516417696859879e-01
4.547737467247746634e-01
4.532472962913094428e-01
4.733217570943468178e-01
4.799284084707322595e-01
5.135932632185895574e-01
5.062651079013434918e-01
5.275317051415805425e-01
5.402407112864280325e-01
5.400428542496346074e-01
5.429724383510277086e-01
6.065085116219763872e-01
6.229327783080177428e-01
6.349211790479116768e-01
6.369681269974004634e-01
6.750807231766391414e-01
6.821909962766131708e-01
7.067320246272806861e-01
7.257331755725858757e-01
7.277012970701837169e-01
7.415393492387089003e-01
7.559560639452505004e-01
7.789357058934095468e-01
7.770285172613816682e-01
8.015164884441577930e-01
7.837605844571007285e-01
7.968498342649019683e-01
8.007361403476062067e-01
8.093145094665348260e-01
8.083952715140745315e-01
7.795418789734931408e-01
8.022365296050483208e-01
7.975713279722606019e-01
8.042901873581210781e-01
7.928188420730098995e-01
7.639514183320317287e-01
7.900832409700996317e-01
7.635354671879446276e-01
7.726463152423138636e-01
7.867017991680894662e-01
7.719391697207158565e-01
7.501059979889442841e-01
7.426985210928478409e-01
7.524357035587747600e-01
7.195539897266414187e-01
7.016265130050072241e-01
7.030476309170110572e-01
7.212770863984866443e-01
7.015156993577246203e-01
6.735403263654384798e-01
6.520980017158102271e-01
6.640183564984210030e-01
6.589328998957268979e-01
6.310412076355185196e-01
6.437115981733535497e-01
6.302371174520868813e-01
6.444616210717494242e-01
5.939409827782196061e-01
5.875425867599773921e-01
5.887011333096480170e-01
5.706209939145092669e-01
5.649227999266978051e-01
5.583069539189264852e-01
5.427011798705905221e-01
5.452138286873008388e-01
5.277987143910821688e-01
5.232738780978720694e-01
5.224300085627737733e-01
5.050550494144714353e-01
5.003840511885766507e-01
4.917348066560493502e-01
4.816592075921096727e-01
4.805394300927263718e-01
4.536093406225002456e-01
4.569126377633265235e-01
4.369139747003851770e-01
4.500148069154575325e-01
4.256911596779741069e-01
4.359786761602345018e-01
4.165565780035080379e-01
4.000560203528681358e-01
4.072991427285635457e-01
3.814298795901426842e-01
3.758507761743993814e-01
3.630211612149083500e-01
3.496525138961401602e-01
3.643601757791790074e-01
3.362675791128149627e-01
3.309275805646295643e-01
3.299994591480250872e-01
3.293705527632646568e-01
3.219574625480351449e-01
3.156017880476097992e-01
2.858355573372886593e-01
2.909681529972178993e-01
2.945417493885441607e-01
2.580704274791040809e-01
2.628741990636545567e-01
2.372856023603142628e-01
2.178317830826655699e-01
2.220219417314342469e-01
2.009523111333633150e-01
2.016000842420175576e-01
2.035653401257657424e-01
1.891499307178678979e-01
1.666324354134597618e-01
1.663935129722040052e-01
1.615962438706533555e-01
1.562501851782275297e-01
1.527956225561010184e-01
1.282312185632282775e-01
1.272481893888236515e-01
1.195773399689076671e-01
9.719432073457298649e-02
9.716926426346277068e-02
1.044348575182608846e-01
9.889178824583950977e-02
9.536813386181677843e-02
6.921230118432547540e-02
7.417731698205855262e-02
6.587362412185626681e-02
7.259698846507901815e-02
8.269409702690821984e-02
7.982104855153579481e-02
6.437285276925905353e-02
5.080386622729690660e-02
4.265447749893268997e-02
4.324748937726411585e-02
6.916461041154491063e-02
4.909255243623718290e-02
5.920733251681369047e-02
4.844305555179445610e-02
3.615936527626459340e-02
7.246720468770974366e-02
3.264025712808234225e-02
5.125890765171547264e-02
5.021496150009724380e-02
5.991351677106677986e-02
4.959852634600196014e-02
4.445910307343268336e-02
5.698125529690500207e-02
5.495670892807098112e-02
6.461235221138011964e-02
5.096067002246073424e-02
4.461416790984373132e-02
4.679226563597794347e-02
3.392212583281249694e-02
6.372618359276216449e-02
5.407807858696500602e-02
6.287287451204860711e-02
7.042311920918450929e-02
3.203647134645180167e-02
4.135778289154345283e-02
5.899022542161233562e-02
4.090338500540639105e-02
4.956940771896327369e-02
6.697556499839904531e-02
5.850058721160977110e-02
5.232912595460973565e-02
6.289235602738173225e-02
7.573690007789153633e-02
4.319017956998081470e-02
8.027559454603547251e-02
6.682678995642803155e-02
5.122123600879945060e-02
6.384235604102699024e-02
5.777029884243802677e-02
4.708922898145928571e-02
6.998561330004107739e-02
6.873915168524788455e-02
5.523169482750873299e-02
7.085527709122586837e-02
6.549691312402700083e-02
5.970918428013973628e-02
5.614540949073017206e-02
6.635638551901208715e-02
6.938218969206985665e-02
6.317921722602250212e-02
5.918399769749384948e-02
7.406374538453774914e-02
8.129576104186370111e-02
7.705342604419257446e-02
6.936352339169075953e-02
7.305448371463085788e-02
6.480826348649813828e-02
6.338686209636790192e-02
5.174356730609559751e-02
5.579646872154071791e-02
7.294828740276514123e-02
6.847656106172110568e-02
9.096345758212365240e-02
6.115557174601974483e-02
7.548393207829377782e-02
7.901676077241460983e-02
8.212455672292293118e-02
6.925937811661470045e-02
7.207504218827268105e-02
7.798149542512405885e-02
7.336723673368127085e-02
7.827165045935345622e-02
8.386669584754798124e-02
7.148050122848331744e-02
8.768662128562042246e-02
7.057759284386946885e-02
9.179588696000465231e-02
1.012365780480708050e-01
1.054231006512232199e-01
8.610822877998856872e-02
8.949955868751771626e-02
8.158935827806829133e-02
9.360574729737707045e-02
9.044567103229141092e-02
7.275510697273106231e-02
1.000924605494368791e-01
8.411998324075568856e-02
9.432065993579484553e-02
9.656080123509852564e-02
8.127812725106479952e-02
9.307038280344855086e-02
8.791865295486403498e-02
1.149860645025093248e-01
8.833462461642696550e-02
8.603668764147115455e-02
9.319784242214097791e-02
1.135868927822228647e-01
1.019182441219602664e-01
1.072953774798031668e-01
1.128202801340611877e-01
9.483609950083930762e-02
1.075682046788965368e-01
9.049301513040021450e-02
9.176603499443970746e-02
1.143666785806331659e-01
1.234353250280801756e-01
9.780800467580405555e-02
1.053719217541670555e-01
1.066462676942361992e-01
1.111123265230551799e-01
1.162436843107216983e-01
1.052640267658216527e-01
1.105226507961509647e-01
1.142391209835196264e-01
1.090582435267926087e-01
1.294317981948063245e-01
1.310151983008982779e-01
1.012390544329755948e-01
1.296768867931322733e-01
1.206980865249902002e-01
1.034068502419201313e-01
1.011169858434040197e-01
1.016076432008996694e-01
1.167072987807522139e-01
1.113741296442074674e-01
1.109161034248080518e-01
1.109134654415012688e-01
1.140206677456798434e-01
1.282079038882776023e-01
1.038751940538419627e-01
1.403377881713339659e-01
1.253320144781773227e-01
1.167614140025108327e-01
1.393402845895065079e-01
1.430416701913203859e-01
1.059215007828942096e-01
1.408058062699535651e-01
1.153870812756584013e-01
1.439869654771941121e-01
1.265643827492715368e-01
1.085063574251945856e-01
1.377068597858271959e-01
1.436747807538549249e-01
1.372211813104758094e-01
1.414993963490239481e-01
1.348078368430290774e-01
1.391866237015310093e-01
1.433786245779860857e-01
1.510529665822736012e-01
1.319538029872110441e-01
1.442177229451705456e-01
1.335039796121196831e-01
1.181876078280033882e-01
1.347774465508358444e-01
1.500461406049607982e-01
1.521755142099780744e-01
1.372097975368173073e-01
1.349992554302769932e-01
1.411882222869438319e-01
1.448991889434434188e-01
1.543156120691051569e-01
1.442710069853079258e-01
1.359812868698199451e-01
1.630040433118884469e-01
1.653004867513411802e-01
1.545051492788627467e-01
1.404488707291450533e-01
1.550858205893948238e-01
1.507275027150239977e-01
1.436927302298657561e-01
1.464327260398498309e-01
1.385000433229143235e-01
1.628235584146570936e-01
1.570745545864372095e-01
1.523835854077896235e-01
1.650317545965435673e-01
1.792071679387461924e-01
1.487479679773956454e-01
1.473676752253699485e-01
1.758275628958072268e-01
1.845270084558663370e-01
1.566347848994911474e-01
1.530981851182360853e-01
1.618141303947283616e-01
1.652631509243654151e-01
1.583088825511663467e-01
1.628183183604924311e-01
1.756802884570432544e-01
1.737288132225519033e-01
1.504077670709554615e-01
1.667740334290978288e-01
1.605198510877519913e-01
1.667452475343941254e-01
1.667432747018269545e-01
1.719204803157209915e-01
1.831987434787979707e-01
1.705062380076994011e-01
1.523767349573961483e-01
1.813525707773059881e-01
1.907739476473473417e-01
1.884337072220605980e-01
1.741354769292545457e-01
1.786196635148135647e-01
1.680323954451443946e-01
1.742739001046234026e-01
1.995492015829120058e-01
1.801388822179529059e-01
1.613767140141295908e-01
1.855807417239247192e-01
1.730537869736371581e-01
1.613517423212867674e-01
1.711068225146482880e-01
1.764791483149939222e-01
1.723774008699996418e-01
1.910822630501561870e-01
1.813732903690941367e-01
1.862729398559313521e-01
1.864705975599409149e-01
1.998064396991640068e-01
1.966597018644856698e-01
1.736284783384118013e-01
2.035281573132536326e-01
1.838170441289956603e-01
1.835064535280210296e-01
2.027284471802305865e-01
1.893965406677391994e-01
1.764455321948428801e-01
1.980286438761438561e-01
2.263214572816656944e-01
1.840471134203910120e-01
1.821121899272763744e-01
2.030545793941961052e-01
2.025207754927858816e-01
2.065780211911202591e-01
2.168611564984481432e-01
2.016284173762515897e-01
2.029098386172892565e-01
1.946882319374668713e-01
2.076587637862715441e-01
1.873083151384849210e-01
2.037387267916738465e-01
1.803708566771031474e-01
2.020001690718458420e-01
2.100614628512679494e-01
2.124833632803422023e-01
2.226252225737407886e-01
2.044701547086595628e-01
2.024426834297778366e-01
2.143693220220943274e-01
2.010661337829637296e-01
2.219245301952490479e-01
2.157010417270168179e-01
2.138269670144811729e-01
2.262793158462877707e-01
2.143759928599256182e-01
2.109989214574994054e-01
2.293885121118403037e-01
2.155260140805043412e-01
2.272607171939025617e-01
2.016388183699081849e-01
2.357972209533635011e-01
2.360592124431335759e-01
2.279043163555618812e-01
2.244785001210137798e-01
2.272552370075704431e-01
2.452244763240442049e-01
2.247636323503000577e-01
2.320260663011052271e-01
2.209753021630617431e-01
2.290834608436379816e-01
2.276315743975189931e-01
2.137333459666929392e-01
2.137027395327237289e-01
2.236156901093332428e-01
2.284290983515417373e-01
2.493291245816561807e-01
2.386978121088563498e-01
2.593059760513941048e-01
2.195187451578575477e-01
2.336877151807905117e-01
2.380467003236713397e-01
2.298825074789644374e-01
2.482975297775689705e-01
2.315669014592001695e-01
2.299917427149362203e-01
2.618178112986836448e-01
2.561338106279414939e-01
2.564059485085455337e-01
2.446206866766152677e-01
2.508773345574625280e-01
2.461221705551381034e-01
2.685565540715452726e-01
2.640030464582036052e-01
2.501206932555594675e-01
2.679316716123876230e-01
2.490698874831827614e-01
2.513758847351323933e-01
2.668099365067876372e-01
2.552705245931949363e-01
2.529589343033331050e-01
2.733053261449970295e-01
2.707022994580334796e-01
2.695176831711025289e-01
2.711422027494998499e-01
2.761928696947857365e-01
2.649812031277901658e-01
2.852848547370263610e-01
2.763863161803208346e-01
2.662037003559736270e-01
2.988891360227698413e-01
2.973404729676117353e-01
2.884789186299036023e-01
2.845124588175627078e-01
2.894805248258618402e-01
3.055463601042618382e-01
2.946336936144572372e-01
2.966166456964841602e-01
2.894449718221031032e-01
3.038159229186788712e-01
3.212573033550541468e-01
3.230799159082651806e-01
3.209248718349012597e-01
3.137239985265562470e-01
3.374485010384187245e-01
3.245908058583148459e-01
3.273084409409408591e-01
3.457359097314403051e-01
3.370535969859494441e-01
3.556935263665172431e-01
3.738539868381876574e-01
3.563822771845313042e-01
3.737129995141250105e-01
3.727508437092513782e-01
3.855992633572408734e-01
3.915604460646829876e-01
4.034861041295103035e-01
3.921002885179198927e-01
4.210785030091558911e-01
4.121771992605870460e-01
4.352070062557673036e-01
4.542022015891424291e-01
4.498123205905904531e-01
4.614029625041494165e-01
4.674855728715794911e-01
4.864645386112077530e-01
4.932069015931015432e-01
5.116598907768438176e-01
5.213158658425568470e-01
5.403539766074668682e-01
5.473645239754358904e-01
5.792437207881061534e-01
5.848201639592347512e-01
5.984808602164958247e-01
6.260800379280583305e-01
6.455259287822818770e-01
6.518062177633031640e-01
6.904751983620518452e-01
6.766517699521678031e-01
7.195520973030413714e-01
7.301575260443846638e-01
7.449611816229451122e-01
7.528423126003105370e-01
7.703743575669582677e-01
7.631742211899215089e-01
7.894454977796173667e-01
8.024853902075512746e-01
7.974675382790781253e-01
7.938045552284475059e-01
8.044550128255822941e-01
8.120759335750420416e-01
7.943342167798658204e-01
8.249349149292541927e-01
7.957448235051712837e-01
8.132458035114954464e-01
7.924445585866805031e-01
7.959276800865522361e-01
7.809341508551623789e-01
7.958462637905797665e-01
7.966744647052217410e-01
7.641823659995626850e-01
7.599958789095755396e-01
7.540278068124790511e-01
7.583540615329414925e-01
7.457207740279270247e-01
7.280276238944580758e-01
7.270136931133278635e-01
7.038377711603888143e-01
6.904751301933927943e-01
6.751587205250355606e-01
6.926794556177010564e-01
6.647151624004785653e-01
6.591219568291407649e-01
6.455371468457136164e-01
6.469942813695445105e-01
6.405790544385177032e-01
6.259922067696606085e-01
6.334048856127200144e-01
6.029034177599580380e-01
6.040061780763210653e-01
5.720711481791314057e-01
5.783640782785495205e-01
5.664664281186075900e-01
5.490950191660182167e-01
5.339552311920032768e-01
5.361134579161883629e-01
5.271823449191141986e-01
5.090084581607987602e-01
5.320487555218804676e-01
5.128661060766845914e-01
4.996190187152228512e-01
4.954415201832927940e-01
4.841550766734931677e-01
4.803265446498994340e-01
4.619244102761534965e-01
4.525951442678822767e-01
4.456680018100814267e-01
4.506185768817914106e-01
4.126261415882342409e-01
3.992668261346928871e-01
4.188382607587254891e-01
4.096242917177734255e-01
3.891193132733656856e-01
3.583603534540315549e-01
3.657673026209142253e-01
3.871254794261458909e-01
3.769799130504348228e-01
3.542144310896230275e-01
3.564032076105020375e-01
3.338133828919286894e-01
3.211356634580696534e-01
3.346803641050260514e-01
3.222735942087210370e-01
3.365840128335569892e-01
2.923712245689404909e-01
2.873673901292635446e-01
2.691820299747226253e-01
2.672134871123539868e-01
2.528807004151454874e-01
2.567490658941286585e-01
2.337769728835920879e-01
2.072637988147542354e-01
2.232014040643759412e-01
2.245785117740763392e-01
1.918088899248091561e-01
1.907760223750576412e-01
1.884169004160033689e-01
1.637327201773994267e-01
1.650541207721656911e-01
1.338442935295270919e-01
1.441566636113321975e-01
1.384974265671237992e-01
1.013799928302734077e-01
1.015136758210137269e-01
9.792155345269037969e-02
1.099098803958901277e-01
1.031733809254363615e-01
1.095781782945752514e-01
9.174615582491824073e-02
9.422875749126490008e-02
6.669836440221686702e-02
5.320258401624201189e-02
5.823971364773584264e-02
7.560465368953714349e-02
5.835732549132686270e-02
5.415005579110512834e-02
5.246637474952024066e-02
5.782555060542236142e-02
6.186385351481064193e-02
5.879006470608032914e-02
3.583660421013135783e-02
5.343783075650648806e-02
4.070516306420131347e-02
4.038791602752226512e-02
5.438224669881634721e-02
5.113395916757738913e-02
3.552250356931438424e-02
4.030131817529650218e-02
3.973949610124634380e-02
4.059446160552283855e-02
6.447537489486662721e-02
3.512748632898535228e-02
5.209613949774563602e-02
4.372282811372741468e-02
4.700071446726084706e-02
3.630873599169689298e-02
5.255110347403715160e-02
5.585664034482817897e-02
4.064182528913917736e-02
6.674849875382790620e-02
5.477372419177612556e-02
6.558308947842178549e-02
4.355161609609765894e-02
6.763141742878558960e-02
5.506624689218270197e-02
3.883865959323358485e-02
6.556016296070268923e-02
6.097313293385639432e-02
4.304137302927329989e-02
4.895052825769056343e-02
5.749408836553954183e-02
4.383745262899566009e-02
5.740198243019875579e-02
5.642724759933429035e-02
4.995329937953257859e-02
6.746155586881698307e-02
6.527902772111544849e-02
5.365612549673173109e-02
6.040521328865366968e-02
4.325692052782699470e-02
6.280250849673266189e-02
5.276731706662644850e-02
7.660223462248481885e-02
6.592275441888545418e-02
6.981447932738603368e-02
5.880166771752044774e-02
6.699151855915445875e-02
7.153479365043338700e-02
7.938839823930721185e-02
7.330673491203114345e-02
5.901822041447275097e-02
6.774455832749154416e-02
7.029099183728362843e-02
6.915026112724120821e-02
7.446272132434671176e-02
4.888757093465542769e-02
7.364211830863381936e-02
7.447366778009509303e-02
8.219627963164839735e-02
8.030651655014779677e-02
9.284061502959843615e-02
6.215760790094435745e-02
5.531744010142034679e-02
6.948630963510524228e-02
7.237512192321546300e-02
8.463695154271619336e-02
9.145882073000223544e-02
7.693707371287232533e-02
7.856625074278227039e-02
7.418459842479194211e-02
6.550496326597525509e-02
9.854003809809271097e-02
9.126666298853181036e-02
8.252757578325954635e-02
8.735740771154582029e-02
8.123616589797506837e-02
8.949472980413646084e-02
7.959324006511452054e-02
1.118898085411502985e-01
8.098480885320669120e-02
7.920273265478300351e-02
8.342025802149749536e-02
6.735123324930597510e-02
8.954096220582656585e-02
7.836079603515329339e-02
8.951101540330853867e-02
1.043479414553814821e-01
9.778869209006231522e-02
8.660784175944399865e-02
1.059044459741714655e-01
8.843895239372201456e-02
1.005931018595781212e-01
1.017932830224297924e-01
9.206534866792694116e-02
1.080134805880500481e-01
9.861384484502451475e-02
1.093540590987178984e-01
1.105384844683716533e-01
7.966322977151620022e-02
1.068315864523017855e-01
1.129010556341842192e-01
9.601424593385374240e-02
1.112424475707580046e-01
1.033336887759502137e-01
9.274066194816611708e-02
1.108088934901265143e-01
9.890653851654959694e-02
1.030493736557106382e-01
1.009165710489777767e-01
1.025909744004451368e-01
1.089407398689893058e-01
1.069261280624525107e-01
1.197022847427611225e-01
1.023259391007523833e-01
1.071110472026209903e-01
1.134512642588630660e-01
1.157989140792548693e-01
1.131667801182305727e-01
1.250348709568390726e-01
1.253114302575052408e-01
9.924939110594067915e-02
1.016492968158176774e-01
1.259330430405667389e-01
1.250241934650584696e-01
1.123780925952620191e-01
1.131252306559055454e-01
9.965929901978426431e-02
1.157992553366689464e-01
1.190562248197056805e-01
1.206037414235277133e-01
1.247470472494350696e-01
1.273309234054489925e-01
1.131663865374228778e-01
1.313007084781669664e-01
1.346677188843399542e-01
1.312599418445388744e-01
1.114312364981445563e-01
1.314819534294169034e-01
1.369592413714111889e-01
1.285707366082925740e-01
1.288956483304284084e-01
1.269563595680617274e-01
1.400046630035414741e-01
1.364836480075531655e-01
1.200918387690362021e-01
1.287458729810646296e-01
1.278562920942162839e-01
1.473576965402180750e-01
1.345597752469377961e-01
1.620930435192406149e-01
1.308835207196469286e-01
1.532410909641089281e-01
1.379003856591478339e-01
1.158299157393761908e-01
1.532063842688604904e-01
1.422817579044149683e-01
1.302955542229406738e-01
1.579726838304507941e-01
1.307297073366316953e-01
1.635105740965641374e-01
1.330659235519404127e-01
1.560056265944236020e-01
1.527002839265934053e-01
1.482716686056383404e-01
1.510212096561302508e-01
1.517949292203394362e-01
1.378134776163594255e-01
1.479465500376221654e-01
1.550458538940715503e-01
1.545552459236488041e-01
1.575255011401343053e-01
1.528822984315533484e-01
1.716742214057173088e-01
1.659641259314483253e-01
1.629075609491173471e-01
1.551403841665703054e-01
1.674218504449394296e-01
1.684558050283865016e-01
1.459682823821437103e-01
1.661023101063298091e-01
1.701632655393082449e-01
1.539154260284829046e-01
1.729411939172895429e-01
1.677417682130308008e-01
1.658965544484279075e-01
1.684924028500873194e-01
1.724398801769669309e-01
1.824754145631782010e-01
1.657304619667963330e-01
1.691373839248017652e-01
1.725962041206551556e-01
1.651100266913815007e-01
1.674760335260199184e-01
1.642648667447690614e-01
1.930514858480509577e-01
1.591855928722104296e-01
1.816708143428653610e-01
1.847041604348759469e-01
1.881820469865770340e-01
1.757877917963644177e-01
1.647513454183709980e-01
1.660681175974032531e-01
1.727991186066081819e-01
1.735030730302425939e-01
1.843618933295068929e-01
1.950789969545344560e-01
1.586495576502652272e-01
1.767265880220366958e-01
1.947825444458415323e-01
1.791191959915737208e-01
1.593176144644024850e-01
1.873733488798267621e-01
1.918741460774700813e-01
1.895245809415674054e-01
1.742856420224651870e-01
1.798464525097554778e-01
1.922498028631660083e-01
1.861608129047168381e-01
1.910987080383030334e-01
1.887354708679949700e-01
1.927766318061096551e-01
1.926022466406940581e-01
1.874108004365790947e-01
1.812890818742969312e-01
1.928521258622156176e-01
2.088318496058035878e-01
2.039392846243321678e-01
2.057320928464715648e-01
1.873702570378769361e-01
2.004383919260835922e-01
1.970939010839077021e-01
1.978557878321096641e-01
2.020289663375491873e-01
1.877627985435000035e-01
1.910691970766912884e-01
2.022852389181178934e-01
1.886569220005087366e-01
2.015036195642124217e-01
2.126862777750073152e-01
2.015205713662759635e-01
2.084702933318064444e-01
2.191976360703084548e-01
1.981148032024150629e-01
2.024645293105089006e-01
2.071853495971733017e-01
2.093111224735667297e-01
2.103878721312583688e-01
2.059654947569360683e-01
2.126658629978888382e-01
2.095932864145781671e-01
2.206978655490764440e-01
2.108702515149298851e-01
2.106442072874647742e-01
2.304963180702701286e-01
2.195149300322175590e-01
2.113591825981155359e-01
2.154013984395559966e-01
2.016682306745415931e-01
2.204253306227191567e-01
2.215425862951186653e-01
2.232619847948070779e-01
2.293721750453421027e-01
2.229108536355474957e-01
2.144548300271624519e-01
2.011980446085424867e-01
2.263315655268770821e-01
2.293913164696567142e-01
2.288542806917052974e-01
2.359854766429614892e-01
2.307571526882395696e-01
1.973671058921971089e-01
2.451289586257502928e-01
2.395749116950310897e-01
2.462430828694504581e-01
2.329544569875733329e-01
2.484961326273871507e-01
2.370204501009358367e-01
2.531679085599530810e-01
2.161015042820079723e-01
2.350039864027270720e-01
2.399018263377502846e-01
2.490497401549749412e-01
2.631374319785309002e-01
2.452536440638451998e-01
2.463779377020603178e-01
2.552187813919424841e-01
2.461641740689492486e-01
2.639087244172896862e-01
2.670235010159919264e-01
2.685100108830470456e-01
2.644066604081489746e-01
2.475423982455809135e-01
2.774968495137520308e-01
2.617019121424911665e-01
2.463004249041437499e-01
2.666305370629643567e-01
2.666377819006949257e-01
2.424258540840695253e-01
2.753483717507487216e-01
2.731561719528945997e-01
2.575178949008794516e-01
2.626096245795170869e-01
2.697448464181480543e-01
2.631018032709820931e-01
2.631230721801053885e-01
2.728693625221461083e-01
2.658459291104860456e-01
2.691561402349455512e-01
2.874409287169693017e-01
2.834165605442190428e-01
2.814478547815097431e-01
2.847350413299769567e-01
2.905865522202313311e-01
2.903604811207604053e-01
2.935196078875875747e-01
3.204540090295032728e-01
3.136365383698727083e-01
2.935278382315780754e-01
3.045273946676154142e-01
3.206307458742939653e-01
3.170966626701289259e-01
3.281873678823102325e-01
3.326134010149935927e-01
3.168062492993068968e-01
3.320414249782812077e-01
3.344905319828603840e-01
3.449635481969736683e-01
3.482058781427350702e-01
3.437410983763130035e-01
3.654021013094209125e-01
3.696720022183787591e-01
3.658077365876923337e-01
3.753372311743114476e-01
3.933487813803106525e-01
4.063728675378037170e-01
3.940934589274940891e-01
3.953295298181971340e-01
4.056606224149671425e-01
4.356709725152888013e-01
4.471201362964863923e-01
4.360034367784828557e-01
4.503487089032860435e-01
4.844714743550379565e-01
4.800487745629154479e-01
4.947118589753908835e-01
5.128273155320505206e-01
5.216419740608886357e-01
5.314206389975860700e-01
5.439155931961339174e-01
5.647011063641501627e-01
6.000732197317093508e-01
6.008427615250170328e-01
6.223535315500663412e-01
6.193743548635358698e-01
6.508384027144075157e-01
6.610934985567289424e-01
6.817064751834729375e-01
7.111131329286116687e-01
7.563787739499059359e-01
7.116917512523746048e-01
7.447049170002896235e-01
7.628248766841189132e-01
7.849748800821853001e-01
7.790215227741696946e-01
7.804441496504463949e-01
7.889481912775283545e-01
7.943571013583613505e-01
7.972623087800421171e-01
8.174719045119985816e-01
8.012212989816682729e-01
8.023201887516292485e-01
8.036454362504029669e-01
7.969368373091747504e-01
8.028084692390016208e-01
7.707390477820407204e-01
7.722341763405757842e-01
7.912911111040114021e-01
7.803213848889227755e-01
7.727651471564773722e-01
7.566841505403685275e-01
7.371925421651659427e-01
7.248872850856653560e-01
7.260192019370452776e-01
7.216405945153039347e-01
6.993865573316812023e-01
7.096030238445463212e-01
7.164902801848844760e-01
6.784128939176359285e-01
6.742941168158526066e-01
6.770665256227073048e-01
6.645506525771652795e-01
6.520231600198757027e-01
6.473722445849814378e-01
6.338040631233271549e-01
6.285953838149817008e-01
6.054274563387290753e-01
6.134746991940380756e-01
6.042379037761592686e-01
5.809848276055213923e-01
5.794253133266480393e-01
5.629054902800714189e-01
5.680458720825161123e-01
5.545110908372734571e-01
5.267797165016895322e-01
5.312403025355451058e-01
5.390776096659168903e-01
5.220094610630175991e-01
5.107491748348360616e-01
4.968637499681755054e-01
4.922080178370406012e-01
4.718974982337455493e-01
4.751314129226721361e-01
4.558787508344737671e-01
4.617816689708131306e-01
4.502998313519266382e-01
4.460626947018760391e-01
4.307848762454185021e-01
4.230893614307723039e-01
4.032630198176375691e-01
4.052488149091453828e-01
3.852012950651502732e-01
3.763942608966610037e-01
3.845802021158967743e-01
3.691647248300715667e-01
3.660830026336407972e-01
3.447833831580510155e-01
3.331184454004925688e-01
3.443094255765642986e-01
3.517303640307399837e-01
3.319965989786028415e-01
3.037691833430096744e-01
2.982804784517202878e-01
2.952343273003142921e-01
2.944542354685924512e-01
2.732535174998336203e-01
2.708059125237247677e-01
2.543174418856771202e-01
2.417465262383560465e-01
2.464260875117292304e-01
2.223225869159262680e-01
2.106830092259683318e-01
2.031958538831510341e-01
1.958263319225082566e-01
1.964436164347491687e-01
1.813760224071154503e-01
1.651698435426305900e-01
1.671167902848207376e-01
1.580269450786614960e-01
1.298366846357482951e-01
1.377179313430126339e-01
1.308261516579857231e-01
1.361679840194511826e-01
1.149552465390792089e-01
1.151628656779936921e-01
1.163268024019143421e-01
8.696227186632171646e-02
9.953858784172681107e-02
9.326751173003187956e-02
7.647638558048995561e-02
7.175873338305834015e-02
7.754172651385218829e-02
7.772436945529534458e-02
7.382474230183291852e-02
4.979685051713346466e-02
6.250499853632987546e-02
6.408514457854763702e-02
6.178601013295519778e-02
7.178295249894361962e-02
6.003394549184463275e-02
3.863853917931862891e-02
3.670709126720751725e-02
4.708723239451614861e-02
4.357323127053248923e-02
5.736464068915239634e-02
5.703112092230369634e-02
4.652398581605481781e-02
3.890561281402454830e-02
4.056159714048604426e-02
4.999533978151049496e-02
5.566539160684314674e-02
5.813429290077891387e-02
5.819259064515492491e-02
3.545158608554387775e-02
5.463023903838774148e-02
4.032476397357939724e-02
6.320343952352260042e-02
5.495704946725368106e-02
5.875115137217434835e-02
6.606310105144259925e-02
6.599110136167411766e-02
4.814120620928605265e-02
4.599712648593581171e-02
4.705727059518281102e-02
6.744955192590978976e-02
5.615001695383739500e-02
4.264715272945437952e-02
4.864078320904383079e-02
4.799663087762993940e-02
5.247429041848164499e-02
4.092434412841115116e-02
5.607554741302180762e-02
5.726010170513134989e-02
5.136165499867147155e-02
5.964000356037629791e-02
6.648395594829210886e-02
6.815537416033563833e-02
3.633132516758976610e-02
6.756812555679303500e-02
8.704964373445520098e-02
6.253379687765103778e-02
7.247602581931858468e-02
5.968277910260738617e-02
5.729199620266640924e-02
6.501380930829853133e-02
7.917593759098920381e-02
6.573996132794959757e-02
7.791331035517842785e-02
6.508794128070050089e-02
6.481123880407509141e-02
6.182247202538960346e-02
7.440447943319597468e-02
6.088437187342833623e-02
7.645018199990005758e-02
6.073670957929380027e-02
8.255241779702444938e-02
5.231369466403577861e-02
7.524490380139781109e-02
8.150759287146570886e-02
7.418823572970595359e-02
6.983061750479109542e-02
7.081963673138076676e-02
6.035270987863569636e-02
7.532958694542174483e-02
6.708990354680750834e-02
8.312100749711390235e-02
7.065245326473515441e-02
8.333746370593729524e-02
1.006468416165822027e-01
8.640403299722664021e-02
7.036911607829338111e-02
8.509438459173040981e-02
7.876616094145333369e-02
7.098929899228764717e-02
8.286470509362629799e-02
8.233437992761735713e-02
8.186183885838929641e-02
9.201887704420641523e-02
8.093445788565517551e-02
8.014283302284112842e-02
8.480428035883293136e-02
9.828202868764407407e-02
1.025033842631488251e-01
9.490248194863085129e-02
1.042240767948365426e-01
8.186015558761297606e-02
1.061953528526431989e-01
8.897010800223753568e-02
1.021706898608093217e-01
1.023011273289962664e-01
9.344072751933850396e-02
9.690251850519103483e-02
9.058606698335680552e-02
1.015846820173442189e-01
1.023110157277666576e-01
8.670030040326366649e-02
1.002266662430061211e-01
1.000583123027125459e-01
1.108060522083927357e-01
9.090705403535111195e-02
1.028903083267624641e-01
1.210658056825339168e-01
1.037979068255191345e-01
1.099437133573108877e-01
8.970609651363715964e-02
9.771011848026674163e-02
1.115969904759880615e-01
8.693028285036262515e-02
1.243664959837339212e-01
1.049025346087958666e-01
9.357393477787184777e-02
1.177861351257745021e-01
1.011051297602865856e-01
1.092368581222697838e-01
1.188877453635475978e-01
1.222970986090301387e-01
1.221266200389358458e-01
1.077989003601592805e-01
1.286729115416528624e-01
1.150791745488591311e-01
1.231661750595947069e-01
1.191539760845257978e-01
1.136043146987438524e-01
1.204957215485985972e-01
1.207423910476120438e-01
1.242787373172269810e-01
1.120721189286014441e-01
1.296148377375808958e-01
1.255421690633914955e-01
1.274694475561868601e-01
1.254747677566702135e-01
1.373567564566924581e-01
1.313199371656176562e-01
1.276769982321487029e-01
1.170329404754545527e-01
1.261601346609941832e-01
1.278511870025455799e-01
1.169946348134367070e-01
1.243095763661614256e-01
1.277537019037711663e-01
1.267925129187840172e-01
1.292571884193282061e-01
1.291334183287599913e-01
1.215183091737263577e-01
1.356676004460048435e-01
1.349621978751932294e-01
1.280139493345575363e-01
1.210374951559795437e-01
1.385446785138793879e-01
1.432697065405281467e-01
1.335877173842787702e-01
1.481099601221248507e-01
1.201515721237164797e-01
1.524635890538553473e-01
1.529846828725881513e-01
1.417965510705359033e-01
1.494704812972706409e-01
1.443695918082643359e-01
1.601088310206649490e-01
1.377929001576765622e-01
1.325168581461133588e-01
1.550288447853884477e-01
1.388292954764854537e-01
1.592929349819451057e-01
1.506853993749662501e-01
1.666452915737365037e-01
1.647623390515094155e-01
1.654844895527265436e-01
1.466202280409575620e-01
1.590434991431840250e-01
1.590075738964341623e-01
1.761251802273507971e-01
1.595806684461432146e-01
1.523801934654694934e-01
1.619808554999229988e-01
1.645116928827943803e-01
1.569240267831897018e-01
1.555625612901289367e-01
1.600379583775809189e-01
1.745021402958548962e-01
1.623204555779208524e-01
1.624552910794903327e-01
1.549955313753215991e-01
1.451353912664937740e-01
1.515836267393137760e-01
1.947992510450305415e-01
1.632892402524664388e-01
1.728742484852475725e-01
1.645151371116601591e-01
1.724889491694306665e-01
1.620522931018845147e-01
1.563469496239083822e-01
1.683358215441967953e-01
1.804874741471098887e-01
1.655941593771962650e-01
1.701470364666179402e-01
1.827888569403716412e-01
1.766643522139209888e-01
1.719699908284484102e-01
1.725274061701072281e-01
1.615656966612937229e-01
1.813092022691586147e-01
1.816586703797666846e-01
1.808331945466728208e-01
1.832505141744712740e-01
1.722844936833437535e-01
1.717124477240751790e-01
1.812050934892953657e-01
1.811066333031637887e-01
1.749030708233433873e-01
1.990468944486861735e-01
1.726881497017521971e-01
1.612487216768335729e-01
1.831757315802469421e-01
1.617183766078476026e-01
1.797832017178539188e-01
2.011157268077336246e-01
1.952937466950169232e-01
2.062636962088627290e-01
1.749802950335641316e-01
1.904401281751679498e-01
2.126648126873310340e-01
1.956452283059909592e-01
1.795470162981913365e-01
1.978609530156032192e-01
2.012495718476380036e-01
2.024075601493836307e-01
1.859894321775170944e-01
2.006719091308039604e-01
1.745241892086549784e-01
2.047234934687897079e-01
1.888273415635904895e-01
1.914827845075364465e-01
1.677273928405995929e-01
1.985601958273694734e-01
1.996152260429419623e-01
1.955845697022005059e-01
1.971766173928771460e-01
2.049855566583819733e-01
1.981551896364214249e-01
2.029209650198637027e-01
1.887891095043392753e-01
2.139211921426337482e-01
2.099224068553954825e-01
2.275062304042911876e-01
2.245425583876090869e-01
2.218109932598776590e-01
2.164635255519298251e-01
2.131754996653572876e-01
2.028819644380964737e-01
2.179871484309556795e-01
2.134973064080923355e-01
1.995503376845673693e-01
2.075556185199353976e-01
2.111358179054864392e-01
2.106390189642458888e-01
2.204711676761362260e-01
2.239298986422623150e-01
1.960584959872215816e-01
2.171359805103507679e-01
2.294418433764925380e-01
2.006247635166227006e-01
2.315767073512898233e-01
2.157875993645914925e-01
2.440457263723169457e-01
2.204498677765978076e-01
2.258357884261638915e-01
2.407566842056699241e-01
2.185100139798561991e-01
2.321475982750764167e-01
2.154297116429329806e-01
2.346643821890774806e-01
2.386342361729908990e-01
2.204808639008857818e-01
2.317740283437042526e-01
2.369088602878872407e-01
2.335415401410062264e-01
2.333733836004093787e-01
2.387402058456282727e-01
2.519770468485064141e-01
2.248024949178103193e-01
2.319133092149624487e-01
2.290395174732263728e-01
2.557946223712662115e-01
2.588137148489347839e-01
2.414467168002978892e-01
2.557132486464064880e-01
2.594900831943467989e-01
2.427922598597452020e-01
2.458218812096866768e-01
2.542788740426138450e-01
2.475852315727571917e-01
2.619788721943992482e-01
2.652301995564113057e-01
2.611938818045657640e-01
2.557193920655515540e-01
2.553594652087893269e-01
2.549514039110109542e-01
2.659410425684510804e-01
2.523581382700363918e-01
2.696086657196773428e-01
2.669381474681646882e-01
2.636156463881342837e-01
2.749192444950544489e-01
2.708628607739463345e-01
2.752162383161230741e-01
2.869318563353097096e-01
2.813938596384009672e-01
2.573316823578843948e-01
2.908943427341517673e-01
2.894755133037669181e-01
2.909077085319999867e-01
2.981320115397289583e-01
2.965024033698822614e-01
3.072037001670293588e-01
3.000799434601726379e-01
3.178766011233919442e-01
3.120224713458766286e-01
3.100714950467031161e-01
3.101687177098254034e-01
3.196901806710670257e-01
3.163773733552826539e-01
3.290660205786424264e-01
3.396815857172496567e-01
3.262497232066870478e-01
3.454582648705223913e-01
3.535616990082549038e-01
3.569789782633395747e-01
3.568986322473889916e-01
3.630770403796258483e-01
3.572341070753616843e-01
3.769152700243273424e-01
3.832228007194759534e-01
3.911493065107650713e-01
4.249561259207652042e-01
3.935280789165563897e-01
4.176535311768318492e-01
4.245003350431283962e-01
4.321688216356380785e-01
4.511173302353419512e-01
4.457531959403112087e-01
4.674814133656934878e-01
4.748103227414352534e-01
4.871582193850116926e-01
5.125880087605426683e-01
5.199892774350235447e-01
5.528115593094792279e-01
5.525265129771286254e-01
5.728157061132767014e-01
5.708593394396153098e-01
5.922933088291791881e-01
6.209920399734104590e-01
6.248929888357427354e-01
6.647238533469993493e-01
6.738809538551508993e-01
6.977862137793779951e-01
6.970543237030696337e-01
7.254193569686425702e-01
7.461317992373376340e-01
7.541754193940805040e-01
7.486508801104797550e-01
7.818124008968838634e-01
7.941750098323933083e-01
7.798576187603188936e-01
7.979027370940972030e-01
8.043593442014973505e-01
8.237413689636362557e-01
8.174283299605188402e-01
8.169034733832128969e-01
8.110497044952108547e-01
7.945356249550106220e-01
8.013658602304716272e-01
8.015029382160133720e-01
7.835005260540747196e-01
7.904143273602072250e-01
7.725578316004798607e-01
7.760618545718703798e-01
7.691027551356660608e-01
7.583120220600622075e-01
7.689149681141995707e-01
7.582930497048853136e-01
7.369752635489484893e-01
7.467346291003937875e-01
7.164886087173023554e-01
7.157210843561085944e-01
7.032469903436927572e-01
6.927901465839783057e-01
6.874217654995328219e-01
6.812609616915804578e-01
6.695798203319717201e-01
6.669171994706659667e-01
6.603356847918806505e-01
6.459055365649507552e-01
6.273503022360569226e-01
6.146714759598913558e-01
6.049584337934872380e-01
6.042864911052613364e-01
6.079090042228044721e-01
5.958384773081759622e-01
5.588464728183860641e-01
5.463709003144736620e-01
5.451245551776358056e-01
5.457378385342909199e-01
5.378600774606033808e-01
5.218631210269265575e-01
5.085448967297421241e-01
4.917540464472797690e-01
5.010682956824531464e-01
4.896473913806173028e-01
4.795495887402816404e-01
4.642992721986242133e-01
4.743589075264377786e-01
4.636788946890409435e-01
4.395935041436584978e-01
4.387466255449218866e-01
4.273541829853886864e-01
4.139200820928225499e-01
4.303176409697996863e-01
4.327924384586053219e-01
4.011173625200554760e-01
3.829304453756962601e-01
3.652119845864792991e-01
3.742071574027090453e-01
3.770342016869815960e-01
3.795593909534608068e-01
3.541390545883749685e-01
3.456422145917713573e-01
3.207508227651807986e-01
3.319665091656775480e-01
3.163383631923519790e-01
2.904393922078465917e-01
2.932364241517884662e-01
2.860146955113344047e-01
2.921966977996923731e-01
2.502895634297321870e-01
2.557005994181221209e-01
2.400627437819390642e-01
2.461826920106480465e-01
2.389163009707655771e-01
2.331211155419377623e-01
1.969552178559313693e-01
2.095942923946616798e-01
1.787413805644585685e-01
1.828065625274228334e-01
1.787938861378117472e-01
1.620838345927705926e-01
1.606196493729087349e-01
1.488349855138325628e-01
1.375060005249602590e-01
1.479411293439180375e-01
1.091782491514413783e-01
1.062854775751803510e-01
1.085408310453627179e-01
1.127505074807527291e-01
1.015044199122780849e-01
1.022936580880127594e-01
9.282937245998056086e-02
9.405767975995331376e-02
7.240471325207992193e-02
6.561774141973657215e-02
3.765101643092265415e-02
7.288208759145903270e-02
5.232289103949198938e-02
5.520449875708891008e-02
6.817104146222036087e-02
4.621065784065819804e-02
6.003707951301336804e-02
6.815092171895940909e-02
4.394362943344390371e-02
6.839184735721616504e-02
3.959747416685203969e-02
5.369504285686403644e-02
5.102070449774544214e-02
5.718447846487549613e-02
6.331614253187196895e-02
4.019106958270583785e-02
6.429253728091950670e-02
3.651299571033206348e-02
5.065694729059288387e-02
3.855482880121300499e-02
5.499756235640376051e-02
3.667824063222169945e-02
4.768985967894735778e-02
6.340476762731739324e-02
4.532131455734713515e-02
4.928118212224461697e-02
4.702076565057126262e-02
5.841393032661173351e-02
6.087235427902768642e-02
5.171066681721257080e-02
5.138966017889487481e-02
4.768328966064942082e-02
5.983016977405838932e-02
4.842204336743279047e-02
5.916724866535133520e-02
5.928358430607630347e-02
3.951553955007327396e-02
4.638034542500179408e-02
6.272972505212677519e-02
5.108025587040770921e-02
6.048563616085914085e-02
5.709602115562759789e-02
5.245184490686185391e-02
5.320334906705340844e-02
5.145524707615820037e-02
6.754200842004380589e-02
5.800135613573004917e-02
7.336686695882463360e-02
5.010994233748959636e-02
5.201330955091179598e-02
5.104731580639793043e-02
7.755431848049582078e-02
6.809067912113178633e-02
6.146634370938500180e-02
7.065185466366613598e-02
5.248342776612972133e-02
4.935624359507770342e-02
6.393578226240251294e-02
7.146661944676097056e-02
7.313673670017578621e-02
7.805650565525923401e-02
5.798444961376802292e-02
9.067257349150395496e-02
7.993438452566593855e-02
6.988693202733400889e-02
8.845178661344718640e-02
6.208492716127139710e-02
5.703354876425592579e-02
6.776230119042353506e-02
7.978390607222564379e-02
7.094323319290551932e-02
8.507832289100818179e-02
7.408795921863430001e-02
7.525217038537433678e-02
9.227003094322654142e-02
6.875607458586927012e-02
7.434145834169995914e-02
8.703161248263172056e-02
9.143077100218519049e-02
9.060899872423150425e-02
7.241659465665051254e-02
7.354125781498893621e-02
9.281866006976371986e-02
8.448711807385535233e-02
9.460967106807074978e-02
1.003922141851529698e-01
8.532497082387990872e-02
9.362666467082987609e-02
9.147344258322136212e-02
9.189690003735748181e-02
9.466293781815850183e-02
1.047321793015137809e-01
8.682435493414515648e-02
9.591959698112333121e-02
9.020043654495736585e-02
1.077171630720175632e-01
9.525235701454903836e-02
7.918030487890760638e-02
9.942889862546451518e-02
1.035799149245597989e-01
1.048222434921363827e-01
9.526753166959622821e-02
8.632671197702734833e-02
9.755600831404280526e-02
1.041805474086007210e-01
9.697567561725066454e-02
8.703408306771522052e-02
1.106344071545689173e-01
8.900836684896135109e-02
1.130487994421582737e-01
9.036336698541148904e-02
1.166896690664415842e-01
9.877511605558168817e-02
8.633930853291332808e-02
1.077026863357519876e-01
1.031330756488264971e-01
1.198782242041755847e-01
1.017742421273777620e-01
1.174777252567447694e-01
1.172616061332494991e-01
1.061051819955841358e-01
1.087680114340673770e-01
1.183128110510936887e-01
1.054349864574909701e-01
1.126919425559452792e-01
9.803351547934795185e-02
1.009581578062770241e-01
1.154372075057700925e-01
1.085171856379498895e-01
1.203954752608535766e-01
1.156201258642263890e-01
9.517449237373924731e-02
1.431081112947937550e-01
1.257204045592939801e-01
1.062284453030294118e-01
1.306328019919998085e-01
1.201413864590324398e-01
1.235115377841697198e-01
1.357838170726005100e-01
1.290482090399979187e-01
1.200493823941846533e-01
1.428596264554630457e-01
1.254745244320515929e-01
1.205044669572613719e-01
1.398002857745919425e-01
1.429438012874416630e-01
1.500497269868578953e-01
1.585268142443679584e-01
1.256743204978370554e-01
1.470558034197337327e-01
1.216748980215660997e-01
1.126769639687232455e-01
1.361608093672903308e-01
1.320839635401088730e-01
1.395641883209097489e-01
1.320312369244430739e-01
1.210711130611143438e-01
1.333299912660672326e-01
1.463967151003248424e-01
1.299612473675733904e-01
1.385089920956173171e-01
1.369350816751506161e-01
1.547474754532733310e-01
1.556755055680535682e-01
1.562589826747372845e-01
1.408935818140902574e-01
1.468545413759291263e-01
1.429857954468802539e-01
1.325731053842695017e-01
1.421263455026590405e-01
1.550184957744666359e-01
1.557801992526444135e-01
1.425041608838975571e-01
1.404376154739543359e-01
1.779178904181996090e-01
1.475377754116540541e-01
1.713106072848783190e-01
1.581926851454859562e-01
1.579271610812602866e-01
1.457832466069865496e-01
1.570901974664931922e-01
1.530608449986093078e-01
1.472208820748034108e-01
1.683077255867577449e-01
1.482802193487008091e-01
1.474104848756017938e-01
1.533615086456286691e-01
1.664305099741066885e-01
1.738696282289793615e-01
1.691080587686885073e-01
1.607962338474487884e-01
1.630521734080635221e-01
1.554993958496135031e-01
1.591283241391171499e-01
1.632218500383964266e-01
1.682438342056663261e-01
1.693783189799635269e-01
1.757425159136169479e-01
1.857119623896505700e-01
1.915027292570517514e-01
1.754157176011624797e-01
1.672701296023321738e-01
1.721172008499625150e-01
1.621864769559930863e-01
1.591746947061928041e-01
1.939055679151071021e-01
1.818910693851983618e-01
1.707023320369023545e-01
1.775421583895185063e-01
1.710728235252726437e-01
1.737025174200031996e-01
1.899607977663674008e-01
1.966923937209775763e-01
1.707743358349954887e-01
2.104892583429082142e-01
1.876619474907203489e-01
1.744649391778918257e-01
1.816429653009853373e-01
1.860579300819173998e-01
1.824767161575065466e-01
1.918556402978051634e-01
1.927333463021260185e-01
1.631678251105529442e-01
1.742932457736126317e-01
1.801136580581551572e-01
1.913087103131726197e-01
1.824381729419179976e-01
1.967234936258654421e-01
1.768338878558620431e-01
1.988772875444682620e-01
1.906197071727823433e-01
1.968066889202585712e-01
1.977937224036940556e-01
1.859228130384199262e-01
1.811745224937852949e-01
1.945942177832786502e-01
1.981780753358757530e-01
1.864880371580849849e-01
1.838923955290871215e-01
1.898882415438421789e-01
1.815391620366866576e-01
1.805432319354292880e-01
1.860519475220878960e-01
2.139199732300240686e-01
1.950309814733295621e-01
2.138062294277394693e-01
2.142418148134920819e-01
2.037502009193100649e-01
1.953427560953553410e-01
2.159447992985334963e-01
2.064001895062376191e-01
1.937787927504354135e-01
2.038664909702490036e-01
2.072850033780765378e-01
1.957677382974560565e-01
